-0.71885443
-0.71885443
-0.73225164
-0.72407961
-0.72407961
-0.71590662
-0.72407961
-0.72407961
-0.71590662
-0.72407961
-0.72686434
-0.73503733
-0.72686434
-0.72686434
-0.71052027
-0.71052027
-0.7186923
-0.72686434
-0.71052027
-0.72686434
-0.73312569
-0.72495365
-0.72495365
-0.72495365
-0.73312569
-0.73312569
-0.72495365
-0.72495365
-0.70043755
-0.70860958
-0.72495365
-0.71277952
-0.72912359
-0.72095156
-0.71277952
-0.72912359
-0.73729563
-0.72095156
-0.72912359
-0.72095156
-0.72095156
-0.71834612
-0.71834612
-0.71017408
-0.71834612
-0.73469019
-0.73485756
-0.72668552
-0.72668552
-0.72668552
-0.72668552
-0.71034145
-0.71346903
-0.7298131
-0.73798513
-0.74615717
-0.74615717
-0.70529604
-0.72164106
-0.73798513
-0.73798513
-0.73798513
-0.75292635
-0.76109934
-0.76109934
-0.76109934
-0.77744341
-0.75292635
-0.73658228
-0.72841024
-0.73658228
-0.75292635
-0.78561544
-0.78577662
-0.76943254
-0.75308752
-0.76943254
-0.76125956
-0.76125956
-0.75308752
-0.76943254
-0.76943254
-0.77760458
-0.77567482
-0.79201889
-0.80019093
-0.80019093
-0.80836296
-0.80836296
-0.81653595
-0.83354664
-0.80902958
-0.80085754
-0.78451347
-0.76979303
-0.75344801
-0.76979303
-0.76979303
-0.761621
-0.75344801
-0.761621
-0.761621
-0.75344801
-0.75344801
-0.72773075
-0.74407482
-0.75224686
-0.75224686
-0.74407482
-0.75224686
-0.73590279
-0.75224686
-0.74407482
-0.71955776
-0.71138573
-0.75607729
-0.76424932
-0.77242136
-0.78876638
-0.78876638
-0.79693842
-0.79693842
-0.79693842
-0.78876638
-0.80511045
-0.81884861
-0.81884861
-0.81067562
-0.80250359
-0.80250359
-0.81067562
-0.80250359
-0.80250359
-0.80250359
-0.81970739
-0.82787943
-0.8151803
-0.8151803
-0.8151803
-0.8151803
-0.82335234
-0.8151803
-0.82335234
-0.82335234
-0.83152437
-0.83969736
-0.86363602
-0.85546303
-0.85546303
-0.85546303
-0.86363602
-0.84729099
-0.85546303
-0.86363602
-0.85546303
-0.84729099
-0.84729099
-0.85522842
-0.85522842
-0.84705639
-0.84705639
-0.84705639
-0.84705639
-0.83071136
-0.85522842
-0.86340046
-0.86340046
-0.81310654
-0.81310654
-0.79676151
-0.80493355
-0.80493355
-0.80493355
-0.80493355
-0.80493355
-0.81310654
-0.81310654
-0.82127857
-0.7986269
-0.75043964
-0.75043964
-0.75043964
-0.74226761
-0.74226761
-0.75043964
-0.76678371
-0.78312874
-0.78312874
-0.78731489
-0.78731489
-0.80365896
-0.80365896
-0.811831
-0.82000399
-0.80365896
-0.79548693
-0.811831
-0.82000399
-0.82817602
-0.81549263
-0.81549263
-0.81549263
-0.79097652
-0.7746315
-0.76645947
-0.75828743
-0.79097652
-0.81549263
-0.80732059
-0.75295734
-0.74478436
-0.76112938
-0.76112938
-0.77747345
-0.78564548
-0.78564548
-0.78564548
-0.79381847
-0.80199051
-0.80199051
-0.7570138
-0.76518583
-0.7570138
-0.74884176
-0.7570138
-0.7570138
-0.76518583
-0.74884176
-0.74884176
-0.77335882
-0.78595209
-0.76143503
-0.7777791
-0.80229616
-0.78595209
-0.79412413
-0.80229616
-0.80229616
-0.79412413
-0.7777791
-0.78595209
-0.79067469
-0.79067469
-0.79884672
-0.79884672
-0.79067469
-0.81519079
-0.83153582
-0.82336283
-0.83153582
-0.82336283
-0.82231092
-0.82231092
-0.82231092
-0.82231092
-0.83048391
-0.83048391
-0.82231092
-0.81413889
-0.79779482
-0.79779482
-0.80596685
-0.80154896
-0.80972099
-0.80972099
-0.80154896
-0.79337692
-0.78760386
-0.77125978
-0.77125978
-0.77943182
-0.79577589
-0.80499649
-0.81316948
-0.82134151
-0.82134151
-0.79682446
-0.81316948
-0.79682446
-0.80499649
-0.81316948
-0.82134151
-0.80499649
-0.80897045
-0.80897045
-0.80897045
-0.82531452
-0.79262543
-0.79262543
-0.81714249
-0.81714249
-0.81714249
-0.82531452
-0.80056429
-0.80056429
-0.81690836
-0.80056429
-0.80056429
-0.80056429
-0.80873632
-0.80873632
-0.80873632
-0.81690836
-0.81690836
-0.80452919
-0.80452919
-0.80452919
-0.80452919
-0.80452919
-0.80452919
-0.79635715
-0.78818417
-0.77819157
-0.7618475
-0.76868343
-0.7605114
-0.7605114
-0.75233936
-0.7605114
-0.75233936
-0.75233936
-0.73599434
-0.73599434
-0.74416637
-0.71965027
-0.71253395
-0.72070599
-0.70436096
-0.70436096
-0.70436096
-0.70436096
-0.70436096
-0.70436096
-0.70436096
-0.70436096
-0.70436096
-0.70512152
-0.69694948
-0.69694948
-0.68877745
-0.69694948
-0.70512152
-0.70512152
-0.69694948
-0.71329355
-0.70512152
-0.70302153
-0.70302153
-0.69484949
-0.70302153
-0.70302153
-0.71936655
-0.69484949
-0.70302153
-0.69484949
-0.70302153
-0.68409061
-0.71726561
-0.69274855
-0.70092058
-0.69274855
-0.70092058
-0.70909262
-0.70092058
-0.69274855
-0.70092058
-0.70092058
-0.6861949
-0.67802286
-0.6861949
-0.70253992
-0.6861949
-0.69436693
-0.69436693
-0.6861949
-0.69436693
-0.67802286
-0.6861949
-0.67433643
-0.68250847
-0.6906805
-0.68250847
-0.6906805
-0.6906805
-0.6906805
-0.6906805
-0.69885349
-0.69885349
-0.69096136
-0.69096136
-0.6991334
-0.6991334
-0.6991334
-0.70730543
-0.70730543
-0.70730543
-0.71547747
-0.71547747
-0.70730543
-0.68780708
-0.70572472
-0.70572472
-0.70572472
-0.69755268
-0.71389675
-0.71389675
-0.70572472
-0.70572472
-0.71389675
-0.6999321
-0.6999321
-0.6999321
-0.70810413
-0.69176006
-0.6999321
-0.70810413
-0.68358803
-0.6999321
-0.71627617
-0.70810413
-0.71730566
-0.74182272
-0.7254777
-0.74182272
-0.74182272
-0.74182272
-0.74999475
-0.74182272
-0.74182272
-0.74999475
-0.72207642
-0.72207642
-0.73024845
-0.73024845
-0.73024845
-0.72207642
-0.72207642
-0.73024845
-0.73024845
-0.74659252
-0.73842049
-0.72814322
-0.72814322
-0.72814322
-0.71997118
-0.72918129
-0.72100925
-0.71283722
-0.72918129
-0.72100925
-0.72918129
-0.73050737
-0.73867941
-0.73050737
-0.73050737
-0.73050737
-0.7468524
-0.76319647
-0.75502443
-0.7468524
-0.7468524
-0.7468524
-0.75027943
-0.74210739
-0.7339344
-0.75027943
-0.74210739
-0.75845146
-0.75845146
-0.75027943
-0.7666235
-0.7666235
-0.74631023
-0.75448227
-0.75448227
-0.75448227
-0.75448227
-0.76265526
-0.76265526
-0.76265526
-0.76265526
-0.75448227
-0.75448227
-0.76212502
-0.75395203
-0.76212502
-0.76212502
-0.77846909
-0.76212502
-0.77029705
-0.77029705
-0.77029705
-0.77846909
-0.75097179
-0.75914383
-0.74279976
-0.74279976
-0.76731586
-0.75097179
-0.75097179
-0.75914383
-0.74279976
-0.74279976
-0.74279976
-0.73485661
-0.73485661
-0.75120068
-0.73485661
-0.74302864
-0.73485661
-0.73485661
-0.74302864
-0.74302864
-0.74302864
-0.739851
-0.74802303
-0.72350693
-0.739851
-0.739851
-0.739851
-0.74802303
-0.74802303
-0.75619507
-0.75619507
-0.74802303
-0.78501415
-0.78501415
-0.77684116
-0.76866913
-0.77684116
-0.76866913
-0.77684116
-0.76049709
-0.77684116
-0.759902
-0.76595974
-0.76595974
-0.76595974
-0.75778675
-0.76595974
-0.76595974
-0.76595974
-0.75778675
-0.77413177
-0.76595974
-0.76595974
-0.74454021
-0.76088524
-0.73636818
-0.74454021
-0.74454021
-0.73636818
-0.76088524
-0.7527132
-0.76088524
-0.76088524
-0.76671314
-0.75854111
-0.76671314
-0.76671314
-0.75036812
-0.75854111
-0.75854111
-0.78305721
-0.78305721
-0.79122925
-0.79940224
-0.80121803
-0.793046
-0.80121803
-0.78487301
-0.78487301
-0.77670097
-0.793046
-0.77670097
-0.77670097
-0.78487301
-0.77585697
-0.76736355
-0.75919151
-0.76736355
-0.76736355
-0.75101948
-0.75919151
-0.73467541
-0.74284744
-0.73467541
-0.71833038
-0.72172451
-0.72172451
-0.71355247
-0.71355247
-0.72172451
-0.72172451
-0.71355247
-0.71355247
-0.71355247
-0.70538044
-0.6913662
-0.69953823
-0.6913662
-0.70771027
-0.69953823
-0.69953823
-0.6913662
-0.68319416
-0.6913662
-0.6913662
-0.6913662
-0.68425369
-0.6760807
-0.68425369
-0.70059776
-0.70059776
-0.70059776
-0.69242573
-0.70059776
-0.68425369
-0.70059776
-0.69614601
-0.69614601
-0.69614601
-0.68638325
-0.68638325
-0.67821026
-0.69455528
-0.68638325
-0.69455528
-0.67821026
-0.67821026
-0.67023945
-0.67841244
-0.67023945
-0.67841244
-0.66206741
-0.66206741
-0.68658447
-0.65389538
-0.66206741
-0.66206741
-0.68489838
-0.68489838
-0.69307041
-0.67672634
-0.68489838
-0.66855431
-0.67672634
-0.66855431
-0.67672634
-0.67672634
-0.66855431
-0.65985012
-0.66802311
-0.66802311
-0.66802311
-0.66802311
-0.65167809
-0.67619514
-0.66802311
-0.66802311
-0.66802311
-0.64837742
-0.65654945
-0.65654945
-0.64837742
-0.64837742
-0.65654945
-0.63615417
-0.63615417
-0.64432621
-0.64432621
-0.64432621
-0.63987637
-0.63987637
-0.63987637
-0.63987637
-0.6480484
-0.63987637
-0.63987637
-0.63987637
-0.6480484
-0.65622044
-0.64432621
-0.64432621
-0.65249825
-0.65249825
-0.64432621
-0.64432621
-0.64432621
-0.65249825
-0.64432621
-0.65249825
-0.65249825
-0.66080093
-0.66897297
-0.66897297
-0.66080093
-0.66080093
-0.66897297
-0.66080093
-0.66897297
-0.66897297
-0.66897297
-0.64930725
-0.64930725
-0.64113522
-0.64930725
-0.64930725
-0.64930725
-0.64930725
-0.64930725
-0.64930725
-0.6487751
-0.64060307
-0.64523506
-0.64523506
-0.64523506
-0.63706303
-0.63706303
-0.62071896
-0.62889099
-0.63706303
-0.61254597
-0.63706303
-0.64006901
-0.64006901
-0.64824104
-0.64006901
-0.64006901
-0.64006901
-0.64006901
-0.63189697
-0.64006901
-0.64006901
-0.63189697
-0.61238289
-0.61238289
-0.60421085
-0.62055492
-0.60421085
-0.61238289
-0.60421085
-0.60421085
-0.59603786
-0.59603786
-0.60421085
-0.59603786
-0.60421085
-0.60421085
-0.60421085
-0.60421085
-0.58786583
-0.60421085
-0.58786583
-0.60421085
-0.58786583
-0.59194851
-0.61646557
-0.60829258
-0.61646557
-0.61646557
-0.60012054
-0.60012054
-0.60829258
-0.61646557
-0.60829258
-0.63755035
-0.63755035
-0.64572334
-0.62120628
-0.64572334
-0.65389538
-0.62937832
-0.63755035
-0.63755035
-0.63755035
-0.63755035
-0.64360046
-0.63542747
-0.64360046
-0.62725544
-0.63542747
-0.6190834
-0.6190834
-0.62725544
-0.63542747
-0.62725544
-0.62937832
-0.63755035
-0.62937832
-0.62120628
-0.63755035
-0.62937832
-0.62937832
-0.62937832
-0.62120628
-0.62937832
-0.62937832
-0.6465807
-0.63840866
-0.63840866
-0.62990856
-0.62173653
-0.62173653
-0.62173653
-0.62990856
-0.62990856
-0.61356449
-0.63395214
-0.63395214
-0.64212418
-0.63395214
-0.64212418
-0.62578011
-0.64212418
-0.64212418
-0.64212418
-0.63395214
-0.64212418
-0.62990856
-0.61356449
-0.62173653
-0.62990856
-0.61356449
-0.61356449
-0.61356449
-0.62990856
-0.62173653
-0.61356449
-0.64085484
-0.64085484
-0.65719891
-0.65719891
-0.64085484
-0.64085484
-0.64085484
-0.64085484
-0.64902687
-0.64902687
-0.64902687
-0.66091347
-0.65274143
-0.66091347
-0.66091347
-0.65274143
-0.63766861
-0.64584064
-0.65401268
-0.64584064
-0.64584064
-0.65062046
-0.65062046
-0.64244843
-0.65062046
-0.65062046
-0.6587925
-0.65062046
-0.65062046
-0.64244843
-0.65062046
-0.64244843
-0.65751171
-0.65751171
-0.64933968
-0.66568375
-0.65751171
-0.65751171
-0.65751171
-0.65751171
-0.64933968
-0.64933968
-0.66789246
-0.67606449
-0.68423653
-0.65972042
-0.66789246
-0.65972042
-0.66789246
-0.66789246
-0.66789246
-0.67606449
-0.66789246
-0.66342735
-0.67159939
-0.67977142
-0.65525532
-0.67159939
-0.67159939
-0.67159939
-0.67977142
-0.66607285
-0.66607285
-0.65865898
-0.66683102
-0.65865898
-0.66683102
-0.66683102
-0.65865898
-0.66683102
-0.65865898
-0.65865898
-0.65865898
-0.65865898
-0.66660213
-0.66660213
-0.66660213
-0.6584301
-0.6584301
-0.6584301
-0.6584301
-0.6584301
-0.65025711
-0.6584301
-0.6584301
-0.67141628
-0.66324425
-0.67141628
-0.67141628
-0.67958927
-0.67141628
-0.66324425
-0.66324425
-0.67141628
-0.67958927
-0.68568134
-0.68568134
-0.68568134
-0.68568134
-0.69385433
-0.70202637
-0.70202637
-0.69385433
-0.70202637
-0.69385433
-0.7101984
-0.69702148
-0.69702148
-0.69702148
-0.69702148
-0.68067646
-0.69702148
-0.69702148
-0.6888485
-0.6888485
-0.6888485
-0.67698193
-0.66880989
-0.67698193
-0.66880989
-0.66880989
-0.67698193
-0.66880989
-0.66880989
-0.66880989
-0.68515396
-0.67698193
-0.65982914
-0.66800117
-0.67617321
-0.66800117
-0.66800117
-0.66800117
-0.67617321
-0.66800117
-0.67617321
-0.6516571
-0.65266991
-0.64449787
-0.64449787
-0.66084194
-0.65266991
-0.65266991
-0.65266991
-0.65266991
-0.63632584
-0.64449787
-0.64449787
-0.67169952
-0.66352749
-0.66246891
-0.67064095
-0.66246891
-0.65429688
-0.66246891
-0.66246891
-0.66246891
-0.65429688
-0.67409658
-0.68226862
-0.68226862
-0.65775156
-0.67409658
-0.68226862
-0.69044065
-0.69044065
-0.68226862
-0.68226862
-0.69044065
-0.67409039
-0.66591835
-0.67409039
-0.66591835
-0.66591835
-0.66591835
-0.66591835
-0.67409039
-0.67409039
-0.66591835
-0.65746784
-0.66563988
-0.65746784
-0.64929581
-0.64929581
-0.66563988
-0.65746784
-0.65746784
-0.64929581
-0.64929581
-0.65746784
-0.6588006
-0.65062761
-0.6588006
-0.6588006
-0.6588006
-0.66961241
-0.66961241
-0.66961241
-0.66144037
-0.65326738
-0.66354704
-0.66354704
-0.64720201
-0.65537405
-0.65537405
-0.67989111
-0.66354704
-0.65537405
-0.66354704
-0.66354704
-0.67171907
-0.64929581
-0.66563988
-0.65746784
-0.64112282
-0.64929581
-0.64929581
-0.64929581
-0.65746784
-0.64929581
-0.66563988
-0.66988039
-0.6617074
-0.66988039
-0.6617074
-0.67805243
-0.67805243
-0.66988039
-0.66988039
-0.66988039
-0.67805243
-0.67805243
-0.67462635
-0.67462635
-0.66645336
-0.68279839
-0.66645336
-0.66645336
-0.66645336
-0.67462635
-0.66935158
-0.66117859
-0.63876057
-0.6469326
-0.65510559
-0.63876057
-0.6469326
-0.6469326
-0.63876057
-0.65510559
-0.6469326
-0.66327763
-0.6469326
-0.67119932
-0.65485525
-0.67119932
-0.67119932
-0.66302729
-0.66302729
-0.66302729
-0.67119932
-0.67119932
-0.66302729
-0.67830038
-0.68647242
-0.68647242
-0.6946454
-0.6946454
-0.68647242
-0.68647242
-0.6946454
-0.68647242
-0.6946454
-0.6946454
-0.67488575
-0.69123077
-0.69123077
-0.66671371
-0.68305874
-0.67488575
-0.67488575
-0.68305874
-0.67488575
-0.69123077
-0.66882467
-0.64456701
-0.64456701
-0.66091204
-0.65273905
-0.64456701
-0.64456701
-0.66091204
-0.65273905
-0.65273905
-0.66091204
-0.65379095
-0.66196394
-0.65379095
-0.65379095
-0.65379095
-0.67013597
-0.66196394
-0.66196394
-0.66196394
-0.65379095
-0.67752361
-0.66117859
-0.66117859
-0.66935158
-0.66117859
-0.66117859
-0.67752361
-0.66117859
-0.66117859
-0.66935158
-0.66935158
-0.66329002
-0.66329002
-0.67146301
-0.66329002
-0.66329002
-0.67963505
-0.66329002
-0.67146301
-0.67146301
-0.66329002
-0.66196394
-0.67013597
-0.64561892
-0.65668964
-0.65668964
-0.64034462
-0.66486168
-0.64034462
-0.65668964
-0.64034462
-0.65668964
-0.66460466
-0.66460466
-0.65643167
-0.66460466
-0.66460466
-0.6727767
-0.65643167
-0.66460466
-0.66460466
-0.64825964
-0.67937231
-0.67119932
-0.67937231
-0.67119932
-0.67937231
-0.67119932
-0.67937231
-0.67119932
-0.67937231
-0.66302729
-0.67937231
-0.68015146
-0.68832445
-0.68832445
-0.68832445
-0.68015146
-0.67197943
-0.68015146
-0.68832445
-0.68015146
-0.68015146
-0.68305874
-0.67488575
-0.68305874
-0.66671371
-0.67488575
-0.66671371
-0.69040537
-0.6985774
-0.6985774
-0.71492243
-0.6985774
-0.67223454
-0.68857861
-0.69675159
-0.68857861
-0.68040657
-0.68040657
-0.68857861
-0.68857861
-0.68040657
-0.69675159
-0.67409658
-0.65775156
-0.6659236
-0.65775156
-0.6659236
-0.65775156
-0.6659236
-0.64957952
-0.67409658
-0.65775156
-0.65775156
-0.65695858
-0.68147564
-0.66513062
-0.66513062
-0.66513062
-0.66513062
-0.65695858
-0.66513062
-0.66513062
-0.67330265
-0.69015551
-0.68198347
-0.68198347
-0.68198347
-0.68198347
-0.67381144
-0.68198347
-0.68198347
-0.68198347
-0.69408512
-0.70225716
-0.69359493
-0.68542194
-0.68542194
-0.68542194
-0.67724991
-0.68542194
-0.66907787
-0.68542194
-0.69359493
-0.67724991
-0.67857075
-0.67857075
-0.67857075
-0.67857075
-0.68674374
-0.67857075
-0.67857075
-0.67857075
-0.67039871
-0.69491577
-0.68674374
-0.67303562
-0.68938065
-0.68120766
-0.68120766
-0.68120766
-0.68938065
-0.68938065
-0.69755268
-0.68120766
-0.68120766
-0.68305874
-0.66671371
-0.66671371
-0.68305874
-0.66671371
-0.68305874
-0.69123077
-0.68305874
-0.68305874
-0.68305874
-0.67488575
-0.67199039
-0.66012335
-0.65195131
-0.66829634
-0.66012335
-0.66829634
-0.66012335
-0.66012335
-0.66829634
-0.66829634
-0.6453495
-0.6453495
-0.6453495
-0.65352249
-0.6453495
-0.6453495
-0.6453495
-0.65352249
-0.6453495
-0.6453495
-0.6453495
-0.68490553
-0.66038847
-0.66038847
-0.67673349
-0.6685605
-0.67673349
-0.6685605
-0.6685605
-0.6685605
-0.6685605
-0.67093801
-0.67911005
-0.66276503
-0.66276503
-0.67093801
-0.65459299
-0.67093801
-0.67911005
-0.67093801
-0.67093801
-0.67093801
-0.66724634
-0.67541838
-0.67541838
-0.66724634
-0.67067003
-0.68701506
-0.68701506
-0.68701506
-0.68701506
-0.67884302
-0.67146301
-0.67146301
-0.67146301
-0.67146301
-0.67963505
-0.67963505
-0.69597912
-0.67963505
-0.67963505
-0.67963505
-0.67963505
-0.69781971
-0.70599174
-0.68964767
-0.69781971
-0.68147564
-0.69781971
-0.69781971
-0.71416378
-0.71416378
-0.69781971
-0.69148874
-0.68331671
-0.69148874
-0.69148874
-0.68331671
-0.69966173
-0.67514467
-0.69148874
-0.69966173
-0.69148874
-0.69966173
-0.6658411
-0.6658411
-0.67401314
-0.67401314
-0.67401314
-0.6658411
-0.68218517
-0.68300438
-0.69117641
-0.69117641
-0.6805954
-0.68876743
-0.68876743
-0.68876743
-0.69693947
-0.67242336
-0.6805954
-0.6805954
-0.67242336
-0.67242336
-0.69693947
-0.68006706
-0.68006706
-0.68006706
-0.68006706
-0.6882391
-0.68006706
-0.6882391
-0.69641113
-0.69641113
-0.69641113
-0.6649332
-0.6649332
-0.67310524
-0.6649332
-0.6649332
-0.6649332
-0.67310524
-0.68127823
-0.68945026
-0.68127823
-0.68127823
-0.66218567
-0.66218567
-0.65401268
-0.6703577
-0.66218567
-0.6703577
-0.6703577
-0.67852974
-0.6703577
-0.68670177
-0.66292572
-0.67926979
-0.67109776
-0.67109776
-0.67926979
-0.67109776
-0.67109776
-0.66292572
-0.67926979
-0.67109776
-0.67926979
-0.69890213
-0.69890213
-0.69073009
-0.69073009
-0.69890213
-0.69890213
-0.70707512
-0.69890213
-0.69890213
-0.69890213
-0.6835165
-0.69168949
-0.6835165
-0.6835165
-0.67534447
-0.6835165
-0.67534447
-0.69168949
-0.67534447
-0.6835165
-0.66717243
-0.66631603
-0.66631603
-0.67448807
-0.66631603
-0.66631603
-0.66631603
-0.67448807
-0.67448807
-0.68266106
-0.66631603
-0.67852974
-0.69487476
-0.69487476
-0.67640781
-0.67640781
-0.68457985
-0.69275284
-0.67640781
-0.66823578
-0.67640781
-0.67640781
-0.67725849
-0.69360256
-0.68543053
-0.68543053
-0.68543053
-0.69360256
-0.68543053
-0.66908646
-0.69360256
-0.68543053
-0.67852974
-0.68670177
-0.68670177
-0.68670177
-0.69487476
-0.6703577
-0.67852974
-0.68670177
-0.67852974
-0.69487476
-0.69487476
-0.67003822
-0.67821026
-0.66186619
-0.67821026
-0.66186619
-0.66186619
-0.68638325
-0.68638325
-0.67821026
-0.67003822
-0.66631603
-0.66631603
-0.66631603
-0.658144
-0.66631603
-0.67448807
-0.6840477
-0.6840477
-0.66770363
-0.67587566
-0.67587566
-0.67322159
-0.66504955
-0.67322159
-0.67322159
-0.67322159
-0.66504955
-0.68139362
-0.66504955
-0.66504955
-0.67322159
-0.69837284
-0.69020081
-0.69837284
-0.69837284
-0.68202877
-0.68202877
-0.69020081
-0.69020081
-0.68202877
-0.69020081
-0.69020081
-0.66398907
-0.6721611
-0.66398907
-0.6721611
-0.6721611
-0.68033314
-0.66398907
-0.6721611
-0.6721611
-0.6721611
-0.69444656
-0.68627453
-0.69444656
-0.68627453
-0.67810249
-0.69444656
-0.68627453
-0.67810249
-0.69444656
-0.68680668
-0.68680668
-0.6917944
-0.68362236
-0.67545033
-0.67545033
-0.67545033
-0.67545033
-0.68362236
-0.67545033
-0.68362236
-0.67545033
-0.67810249
-0.68627453
-0.6699295
-0.68627453
-0.67810249
-0.68627453
-0.6699295
-0.68627453
-0.67810249
-0.6699295
-0.67810249
-0.65634727
-0.65634727
-0.66451931
-0.64817429
-0.66451931
-0.66451931
-0.64817429
-0.65634727
-0.64817429
-0.65634727
-0.66674423
-0.67491722
-0.68308926
-0.66674423
-0.67491722
-0.67491722
-0.67491722
-0.67491722
-0.66674423
-0.68308926
-0.67491722
-0.65581703
-0.67310524
-0.68945026
-0.68127823
-0.68127823
-0.68127823
-0.6976223
-0.67310524
-0.68127823
-0.68127823
-0.6587925
-0.66696548
-0.67513752
-0.66696548
-0.68330956
-0.67513752
-0.67513752
-0.66696548
-0.67513752
-0.68330956
-0.66696548
-0.66271877
-0.67089081
-0.66271877
-0.67089081
-0.66271877
-0.67906284
-0.67089081
-0.67089081
-0.66271877
-0.67906284
-0.66451931
-0.67269135
-0.67269135
-0.67269135
-0.67269135
-0.67269135
-0.66451931
-0.68086338
-0.67269135
-0.67269135
-0.67269135
-0.67799854
-0.67799854
-0.66982651
-0.67799854
-0.67354393
-0.68171597
-0.689888
-0.689888
-0.689888
-0.67354393
-0.68489838
-0.66855431
-0.67672634
-0.7012434
-0.68489838
-0.69307041
-0.69307041
-0.68489838
-0.68489838
-0.69307041
-0.68489838
-0.67799854
-0.67799854
-0.66982651
-0.67799854
-0.67799854
-0.67799854
-0.66982651
-0.67799854
-0.68617058
-0.67799854
-0.67799854
-0.67407322
-0.68224525
-0.67407322
-0.68224525
-0.69041729
-0.67407322
-0.66590118
-0.68224525
-0.69041729
-0.69041729
-0.66292572
-0.68744278
-0.67926979
-0.66292572
-0.67109776
-0.65475368
-0.67926979
-0.66312885
-0.67130089
-0.66312885
-0.67130089
-0.68212986
-0.67395687
-0.67395687
-0.67395687
-0.66578484
-0.6576128
-0.66578484
-0.66578484
-0.66578484
-0.66578484
-0.66545486
-0.65728283
-0.66545486
-0.66545486
-0.65728283
-0.66545486
-0.66545486
-0.65728283
-0.65728283
-0.65728283
-0.65728283
-0.69466305
-0.69466305
-0.68649101
-0.68649101
-0.69466305
-0.68649101
-0.69466305
-0.69466305
-0.69466305
-0.70283604
-0.66100216
-0.66100216
-0.67734718
-0.66917419
-0.65283012
-0.66917419
-0.65283012
-0.66917419
-0.65283012
-0.66100216
-0.67322159
-0.66512012
-0.65694714
-0.6487751
-0.6487751
-0.65694714
-0.66512012
-0.6487751
-0.66512012
-0.66512012
-0.65694714
-0.68106651
-0.68106651
-0.68106651
-0.66472149
-0.67289352
-0.66472149
-0.68106651
-0.67289352
-0.68106651
-0.66472149
-0.67289352
-0.67980099
-0.67162895
-0.67980099
-0.67980099
-0.67980099
-0.67980099
-0.68797398
-0.67980099
-0.68797398
-0.67980099
-0.66153336
-0.67787838
-0.68605042
-0.67787838
-0.66970539
-0.66970539
-0.66970539
-0.66153336
-0.67787838
-0.66970539
-0.66970539
-0.66705036
-0.66705036
-0.67256546
-0.67256546
-0.67256546
-0.6807375
-0.67256546
-0.67256546
-0.66439247
-0.67256546
-0.66120052
-0.66937351
-0.65302849
-0.66120052
-0.66937351
-0.66937351
-0.66937351
-0.66120052
-0.66120052
-0.66120052
-0.65302849
-0.65994453
-0.66811657
-0.67628956
-0.66811657
-0.67628956
-0.65994453
-0.66811657
-0.65994453
-0.66811657
-0.65994453
-0.67894268
-0.66259766
-0.66259766
-0.67076969
-0.67076969
-0.67076969
-0.67076969
-0.67076969
-0.67076969
-0.66259766
-0.66259766
-0.65781212
-0.65781212
-0.66598415
-0.66598415
-0.66598415
-0.68298531
-0.6584692
-0.67481327
-0.67481327
-0.68298531
-0.65601826
-0.66419029
-0.68053532
-0.67236233
-0.66419029
-0.67236233
-0.68870735
-0.67236233
-0.66419029
-0.68053532
-0.67236233
-0.65495682
-0.67130089
-0.67130089
-0.67947388
-0.67130089
-0.67130089
-0.67130089
-0.67947388
-0.67947388
-0.67130089
-0.64843559
-0.64026356
-0.64843559
-0.64026356
-0.64026356
-0.64843559
-0.64843559
-0.64843559
-0.64026356
-0.64026356
-0.64026356
-0.6548214
-0.64664936
-0.64664936
-0.63847733
-0.64664936
-0.6548214
-0.6548214
-0.6548214
-0.66525364
-0.68159866
-0.65675449
-0.66492653
-0.66492653
-0.65675449
-0.66492653
-0.66492653
-0.65675449
-0.66492653
-0.66492653
-0.66492653
-0.65675449
-0.67821026
-0.67003822
-0.67003822
-0.67821026
-0.67821026
-0.6970396
-0.6970396
-0.71722507
-0.70088005
-0.70905209
-0.70088005
-0.70088005
-0.71722507
-0.69270802
-0.69270802
-0.70088005
-0.70088005
-0.69178391
-0.69995594
-0.68361187
-0.68361187
-0.68361187
-0.68361187
-0.68361187
-0.68361187
-0.67543983
-0.67543983
-0.68361187
-0.67160034
-0.66342831
-0.67977238
-0.65525532
-0.66342831
-0.66342831
-0.66342831
-0.66342831
-0.66342831
-0.66342831
-0.65248013
-0.66065311
-0.65248013
-0.66065311
-0.66065311
-0.66882515
-0.65248013
-0.66882515
-0.64430809
-0.66065311
-0.66065311
-0.65464687
-0.64647388
-0.64647388
-0.65464687
-0.65001774
-0.64184475
-0.65818977
-0.64184475
-0.65001774
-0.62550068
-0.63830185
-0.64647388
-0.64647388
-0.64647388
-0.64647388
-0.64647388
-0.66281891
-0.66281891
-0.65464687
-0.66281891
-0.66281891
-0.67468739
-0.67468739
-0.69103146
-0.67468739
-0.65834332
-0.67468739
-0.67468739
-0.68285942
-0.68285942
-0.68285942
-0.67407036
-0.67407036
-0.67407036
-0.67407036
-0.68224239
-0.66589832
-0.67407036
-0.67407036
-0.68224239
-0.66589832
-0.66589832
-0.68285942
-0.66651535
-0.67468739
-0.65834332
-0.67468739
-0.66651535
-0.68285942
-0.66882515
-0.68516922
-0.68516922
-0.67962074
-0.67144871
-0.67144871
-0.68779278
-0.67144871
-0.69596577
-0.69596577
-0.67962074
-0.68779278
-0.67962074
-0.68779278
-0.69411755
-0.67777252
-0.69411755
-0.69411755
-0.68594456
-0.68594456
-0.67777252
-0.66960049
-0.68594456
-0.67777252
-0.67699718
-0.69334126
-0.69334126
-0.69334126
-0.69334126
-0.69334126
-0.69334126
-0.69334126
-0.70151424
-0.69334126
-0.70151424
-0.69643021
-0.68825722
-0.70460224
-0.68825722
-0.67191315
-0.68825722
-0.69643021
-0.69643021
-0.68825722
-0.68825722
-0.68810081
-0.67884254
-0.67066956
-0.68701458
-0.67066956
-0.69518661
-0.69518661
-0.67884254
-0.68701458
-0.67884254
-0.68701458
-0.67235565
-0.68052769
-0.68052769
-0.68869972
-0.68052769
-0.68052769
-0.68052769
-0.68869972
-0.68869972
-0.68052769
-0.65919018
-0.65919018
-0.66736221
-0.66736221
-0.66736221
-0.68370628
-0.66736221
-0.67553425
-0.68370628
-0.68370628
-0.66736221
-0.67394829
-0.68212128
-0.67394829
-0.67394829
-0.68212128
-0.68212128
-0.66577625
-0.67394829
-0.67394829
-0.68212128
-0.65373993
-0.65373993
-0.64556694
-0.65373993
-0.68617344
-0.66982937
-0.66982937
-0.66982937
-0.66165733
-0.66982937
-0.66982937
-0.65072727
-0.64255524
-0.64255524
-0.65072727
-0.65889931
-0.65072727
-0.64255524
-0.64255524
-0.64255524
-0.64255524
-0.65212536
-0.65212536
-0.66029739
-0.66029739
-0.66029739
-0.65212536
-0.64395332
-0.66029739
-0.65212536
-0.64395332
-0.65212536
-0.65585518
-0.64768314
-0.64768314
-0.65585518
-0.64768314
-0.63133812
-0.64768314
-0.64768314
-0.63951015
-0.64768314
-0.62318707
-0.63136005
-0.61192131
-0.60374928
-0.60374928
-0.60374928
-0.60374928
-0.60374928
-0.60374928
-0.59557724
-0.59557724
-0.60374928
-0.61009312
-0.61826515
-0.62643719
-0.62643719
-0.61009312
-0.61826515
-0.62643719
-0.62643719
-0.62643719
-0.61826515
-0.61826515
-0.61358261
-0.61358261
-0.62175465
-0.61358261
-0.61358261
-0.62175465
-0.61358261
-0.61358261
-0.60656166
-0.60656166
-0.60421848
-0.59604645
-0.61239052
-0.59604645
-0.60421848
-0.61239052
-0.60421848
-0.61239052
-0.60421848
-0.60421848
-0.60421848
-0.61051655
-0.60234451
-0.60234451
-0.60234451
-0.61051655
-0.60234451
-0.60234451
-0.60234451
-0.61051655
-0.60234451
-0.62060165
-0.62877369
-0.62877369
-0.62060165
-0.62060165
-0.61242962
-0.62060165
-0.62877369
-0.62877369
-0.63694572
-0.62060165
-0.61988163
-0.61170959
-0.61170959
-0.61170959
-0.61988163
-0.61170959
-0.61170959
-0.61988163
-0.61170959
-0.60353756
-0.60468388
-0.59651184
-0.62668228
-0.63485432
-0.62668228
-0.63485432
-0.63485432
-0.63485432
-0.64302635
-0.63485432
-0.62668228
-0.61285591
-0.61285591
-0.60468388
-0.62102795
-0.60468388
-0.60468388
-0.61285591
-0.61285591
-0.60468388
-0.60468388
-0.6297102
-0.6297102
-0.6297102
-0.62153816
-0.62153816
-0.62153816
-0.61336613
-0.61336613
-0.6297102
-0.62153816
-0.61336613
-0.58339024
-0.59156227
-0.59156227
-0.59973431
-0.59156227
-0.59156227
-0.58339024
-0.59156227
-0.59156227
-0.58339024
-0.59136105
-0.59136105
-0.58318901
-0.59136105
-0.58318901
-0.59136105
-0.61242962
-0.61242962
-0.61242962
-0.59608459
-0.60425758
-0.60238838
-0.61056042
-0.61873245
-0.58604336
-0.60238838
-0.60238838
-0.59421539
-0.60238838
-0.58604336
-0.60238838
-0.60472679
-0.60472679
-0.5965538
-0.5965538
-0.5965538
-0.5965538
-0.60472679
-0.58838177
-0.58838177
-0.5965538
-0.5965538
-0.58463764
-0.59280968
-0.59280968
-0.60098267
-0.60098267
-0.59280968
-0.58463764
-0.60098267
-0.60098267
-0.59280968
-0.59000301
-0.58183098
-0.59000301
-0.59000301
-0.59000301
-0.58183098
-0.598176
-0.598176
-0.58183098
-0.59000301
-0.59165668
-0.60192108
-0.59374809
-0.60192108
-0.61009312
-0.59374809
-0.59374809
-0.60192108
-0.59374809
-0.59374809
-0.59374809
-0.58974838
-0.58157539
-0.58974838
-0.59792042
-0.58974838
-0.59792042
-0.58974838
-0.59792042
-0.58974838
-0.59792042
-0.59792042
-0.59344006
-0.58526802
-0.58526802
-0.58526802
-0.58526802
-0.57709599
-0.568923
-0.57709599
-0.57709599
-0.57709599
-0.5834465
-0.56710243
-0.56710243
-0.57527447
-0.59118843
-0.59118843
-0.59118843
-0.59118843
-0.59118843
-0.59936047
-0.59118843
-0.59936047
-0.5830164
-0.5830164
-0.5830164
-0.58114338
-0.58931541
-0.58931541
-0.58931541
-0.58114338
-0.59748745
-0.58114338
-0.59748745
-0.58114338
-0.58114338
-0.59352398
-0.59352398
-0.58535194
-0.60169601
-0.59352398
-0.58535194
-0.60169601
-0.60169601
-0.60169601
-0.60169601
-0.58488369
-0.6028738
-0.6028738
-0.61104584
-0.59470177
-0.59470177
-0.59470177
-0.59470177
-0.58652973
-0.59470177
-0.58652973
-0.59890366
-0.60707569
-0.59890366
-0.61524773
-0.59890366
-0.60707569
-0.59890366
-0.60707569
-0.59890366
-0.60707569
-0.59890366
-0.59446144
-0.58628941
-0.58628941
-0.59446144
-0.58628941
-0.58628941
-0.59446144
-0.59446144
-0.57811737
-0.57811737
-0.59049511
-0.59866714
-0.59866714
-0.58232307
-0.59049511
-0.59049511
-0.59049511
-0.58232307
-0.58232307
-0.59866714
-0.58232307
-0.60684299
-0.60684299
-0.59867096
-0.58979988
-0.60614395
-0.58979988
-0.58979988
-0.58979988
-0.59797192
-0.58162785
-0.60006905
-0.60006905
-0.59189701
-0.60824108
-0.60006905
-0.59189701
-0.59189701
-0.59189701
-0.59189701
-0.60006905
-0.59189701
-0.59166527
-0.57532024
-0.58349323
-0.58349323
-0.58349323
-0.59166527
-0.59166527
-0.59166527
-0.58349323
-0.59166527
-0.5996027
-0.59143066
-0.59143066
-0.58325768
-0.59143066
-0.59143066
-0.59143066
-0.58325768
-0.59143066
-0.59143066
-0.59143066
-0.5736866
-0.5736866
-0.56551456
-0.5736866
-0.5736866
-0.5736866
-0.5736866
-0.55524063
-0.55524063
-0.55524063
-0.55453205
-0.55453205
-0.55453205
-0.55453205
-0.54636002
-0.54636002
-0.54636002
-0.55453205
-0.56270409
-0.54636002
-0.55453205
-0.5669136
-0.55874157
-0.55874157
-0.55874157
-0.57508659
-0.55874157
-0.57508659
-0.5669136
-0.57508659
-0.58325863
-0.57508659
-0.58325863
-0.58325863
-0.57508659
-0.57508659
-0.59143066
-0.59143066
-0.58325863
-0.58325863
-0.57508659
-0.58325863
-0.57156849
-0.57156849
-0.57974052
-0.57156849
-0.57156849
-0.58791256
-0.58791256
-0.57974052
-0.57974052
-0.57974052
-0.56897736
-0.57693386
-0.5851059
-0.57693386
-0.59327793
-0.5851059
-0.56876183
-0.57693386
-0.56876183
-0.5851059
-0.56876183
-0.57506275
-0.57506275
-0.58323479
-0.57506275
-0.57506275
-0.57506275
-0.57506275
-0.58323479
-0.57506275
-0.58323479
-0.5851059
-0.56876183
-0.57693386
-0.57693386
-0.57693386
-0.57693386
-0.57693386
-0.57693386
-0.56876183
-0.57693386
-0.56058979
-0.58582115
-0.58582115
-0.57764912
-0.58582115
-0.58582115
-0.58582115
-0.58582115
-0.57764912
-0.57764912
-0.57764912
-0.56642246
-0.5745945
-0.56642246
-0.56642246
-0.56642246
-0.57156849
-0.57156849
-0.57974052
-0.57156849
-0.57156849
-0.57974052
-0.56292725
-0.56292725
-0.57109928
-0.56292725
-0.57109928
-0.57109928
-0.56292725
-0.58744335
-0.57927132
-0.57109928
-0.58675671
-0.57858467
-0.57041264
-0.58675671
-0.57858467
-0.57858467
-0.59492874
-0.57858467
-0.57858467
-0.58675671
-0.57858467
-0.58792973
-0.59610176
-0.58792973
-0.50299978
-0.51100874
-0.51100874
-0.50299978
-0.51100874
-0.50299978
-0.51901722
-0.51100874
-0.51100874
-0.51901722
-0.53166389
-0.53166389
-0.52365494
-0.53166389
-0.52365494
-0.53166389
-0.53166389
-0.52365494
-0.52365494
-0.53166389
-0.53166389
-0.49610138
-0.49610138
-0.49610138
-0.50411034
-0.50411034
-0.49610138
-0.49610138
-0.50411034
-0.50411034
-0.49610138
-0.49610138
-0.49058104
-0.49858999
-0.48781586
-0.48781586
-0.49582481
-0.48781586
-0.50383329
-0.49582481
-0.48781586
-0.48781586
-0.49996853
-0.49195957
-0.49996853
-0.49195957
-0.49996853
-0.50797701
-0.50797701
-0.48395109
-0.49996853
-0.48395109
-0.49195957
-0.50437784
-0.50437784
-0.49636936
-0.5123868
-0.50437784
-0.50437784
-0.50437784
-0.50437784
-0.5123868
-0.50437784
-0.50437784
-0.51264477
-0.51264477
-0.51264477
-0.50463629
-0.51264477
-0.50463629
-0.52065372
-0.50299978
-0.4949913
-0.4949913
-0.50437784
-0.50437784
-0.5123868
-0.5123868
-0.50437784
-0.50437784
-0.50437784
-0.49636936
-0.50437784
-0.50437784
-0.49636936
-0.50575781
-0.51376677
-0.49774933
-0.49774933
-0.50575781
-0.50575781
-0.49774933
-0.49774933
-0.50575781
-0.50575781
-0.50989199
-0.50989199
-0.50989199
-0.50989199
-0.50188351
-0.50989199
-0.51790094
-0.50989199
-0.51790094
-0.50188351
-0.50188351
-0.51014519
-0.51815367
-0.50876856
-0.51677704
-0.51677704
-0.51677704
-0.51677704
-0.51677704
-0.50876856
-0.51677704
-0.524786
-0.51815367
-0.50213623
-0.51815367
-0.52616262
-0.51014519
-0.51014519
-0.50213623
-0.51815367
-0.51014519
-0.52616262
-0.49636936
-0.49636936
-0.49636936
-0.50437784
-0.49636936
-0.49636936
-0.49636936
-0.50437784
-0.50437784
-0.49636936
-0.50437784
-0.48671293
-0.49472141
-0.48671293
-0.48671293
-0.48671293
-0.48671293
-0.49472141
-0.51100874
-0.4949913
-0.4949913
-0.50299978
-0.49058104
-0.49058104
-0.49058104
-0.4745636
-0.48257256
-0.49858999
-0.49858999
-0.48257256
-0.48257256
-0.49058104
-0.48781586
-0.48781586
-0.48781586
-0.47980738
-0.48781586
-0.48781586
-0.48781586
-0.49582481
-0.48781586
-0.47980738
-0.47980738
-0.49058104
-0.49058104
-0.48257256
-0.49058104
-0.48257256
-0.49058104
-0.49858999
-0.49858999
-0.49058104
-0.48257256
-0.49223185
-0.50024033
-0.49748278
-0.50549173
-0.49748278
-0.49748278
-0.4894743
-0.49748278
-0.49748278
-0.49748278
-0.49748278
-0.4880929
-0.50411034
-0.49610138
-0.50411034
-0.49610138
-0.50411034
-0.4880929
-0.49610138
-0.49610138
-0.49610138
-0.49610138
-0.49610138
-0.4880929
-0.4880929
-0.48008394
-0.4880929
-0.49610138
-0.4880929
-0.49610138
-0.49610138
-0.49610138
-0.49195957
-0.49195957
-0.48395109
-0.49195957
-0.48395109
-0.49195957
-0.49195957
-0.49058104
-0.49858999
-0.49058104
-0.49058104
-0.52203274
-0.51402378
-0.51402378
-0.52203274
-0.5060153
-0.5060153
-0.51402378
-0.5060153
-0.51402378
-0.51402378
-0.51402378
-0.50024033
-0.49223185
-0.50824928
-0.50024033
-0.49223185
-0.50024033
-0.50824928
-0.50024033
-0.50024033
-0.50024033
-0.49167967
-0.48367071
-0.48367071
-0.48367071
-0.49167967
-0.48367071
-0.49167967
-0.49167967
-0.48367071
-0.47566223
-0.48367071
-0.49582481
-0.48781586
-0.48781586
-0.49582481
-0.48781586
-0.50383329
-0.49582481
-0.48781586
-0.47980738
-0.50383329
-0.49582481
-0.49582481
-0.48781586
-0.48781586
-0.49582481
-0.48781586
-0.49582481
-0.49582481
-0.49582481
-0.48781586
-0.50383329
-0.48118734
-0.48919582
-0.48919582
-0.48919582
-0.49720478
-0.49720478
-0.48919582
-0.49720478
-0.48919582
-0.49720478
-0.49720478
-0.4933424
-0.4933424
-0.48533392
-0.50135136
-0.4933424
-0.50135136
-0.5123868
-0.50437784
-0.50437784
-0.5123868
-0.51350021
-0.50549173
-0.51350021
-0.50549173
-0.51350021
-0.52150917
-0.49748278
-0.50549173
-0.51350021
-0.51350021
-0.52150917
-0.49167967
-0.50769711
-0.49968815
-0.49968815
-0.50769711
-0.50769711
-0.49968815
-0.49968815
-0.49968815
-0.51570559
-0.49167967
-0.50383329
-0.51184225
-0.50383329
-0.51184225
-0.49582481
-0.50383329
-0.50383329
-0.50383329
-0.49582481
-0.50383329
-0.47615004
-0.51736879
-0.50935984
-0.50935984
-0.50935984
-0.50135136
-0.50935984
-0.50935984
-0.50935984
-0.50935984
-0.50935984
-0.53254128
-0.53254128
-0.53254128
-0.52453232
-0.53254128
-0.53254128
-0.52453232
-0.53254128
-0.53254128
-0.51652384
-0.51460743
-0.50659847
-0.51460743
-0.51460743
-0.50659847
-0.52261591
-0.51460743
-0.51460743
-0.50659847
-0.50659847
-0.51460743
-0.51432228
-0.5063138
-0.5063138
-0.5063138
-0.51432228
-0.51432228
-0.51874781
-0.51874781
-0.51874781
-0.51073885
-0.51874781
-0.51901722
-0.52702618
-0.52702618
-0.51901722
-0.53503466
-0.52702618
-0.53503466
-0.51901722
-0.52702618
-0.52702618
-0.52675629
-0.51073885
-0.51874781
-0.52675629
-0.53476477
-0.52675629
-0.51874781
-0.53476477
-0.52675629
-0.51874781
-0.52675629
-0.51184225
-0.51184225
-0.51184225
-0.51985073
-0.52785921
-0.51184225
-0.51985073
-0.50383329
-0.51985073
-0.51184225
-0.51184225
-0.50493097
-0.51293945
-0.50493097
-0.49692202
-0.51293945
-0.50493097
-0.50493097
-0.51293945
-0.50493097
-0.51293945
-0.50216532
-0.50216532
-0.5101738
-0.5101738
-0.50216532
-0.51818228
-0.5101738
-0.5101738
-0.5101738
-0.50216532
-0.5101738
-0.51460743
-0.51460743
-0.52261591
-0.51460743
-0.52261591
-0.52261591
-0.52261591
-0.52261591
-0.53062439
-0.51460743
-0.51570559
-0.50769711
-0.51570559
-0.51570559
-0.52371407
-0.51570559
-0.51985073
-0.51985073
-0.51985073
-0.51184225
-0.51184225
-0.49632597
-0.49632597
-0.48831749
-0.48831749
-0.49632597
-0.48831749
-0.48831749
-0.48831749
-0.48831749
-0.48831749
-0.48831749
-0.50987482
-0.50186634
-0.50186634
-0.50186634
-0.50186634
-0.50186634
-0.50987482
-0.50987482
-0.50186634
-0.51788378
-0.51234341
-0.49632597
-0.50433445
-0.49632597
-0.49632597
-0.48831749
-0.49632597
-0.50433445
-0.49632597
-0.49632597
-0.50433445
-0.50957108
-0.51126242
-0.49524546
-0.51126242
-0.51126242
-0.50325394
-0.51126242
-0.51126242
-0.51126242
-0.50325394
-0.52647877
-0.53448772
-0.51847029
-0.52647877
-0.52647877
-0.51847029
-0.52647877
-0.52647877
-0.53448772
-0.52647877
-0.52647877
-0.53200293
-0.53200293
-0.53200293
-0.53200293
-0.52399445
-0.53200293
-0.53200293
-0.53200293
-0.53200293
-0.53200293
-0.54001188
-0.52233076
-0.53033972
-0.51432228
-0.52233076
-0.53033972
-0.52233076
-0.51818228
-0.5101738
-0.51818228
-0.51818228
-0.50987482
-0.51788378
-0.50186634
-0.50987482
-0.50987482
-0.52589226
-0.50186634
-0.51788378
-0.51788378
-0.50987482
-0.50987482
-0.51956463
-0.51956463
-0.53558207
-0.51956463
-0.52757359
-0.51956463
-0.51956463
-0.51956463
-0.51956463
-0.52757359
-0.52757359
-0.53172302
-0.52371407
-0.51570559
-0.53172302
-0.52371407
-0.51570559
-0.52371407
-0.53172302
-0.52371407
-0.53172302
-0.48106527
-0.48522997
-0.49323845
-0.48522997
-0.49323845
-0.48522997
-0.49323845
-0.49323845
-0.49323845
-0.50124741
-0.49323845
-0.50849056
-0.50849056
-0.50849056
-0.50048208
-0.50849056
-0.51649952
-0.50048208
-0.50849056
-0.50048208
-0.51649952
-0.53200293
-0.53200293
-0.53200293
-0.54001188
-0.54001188
-0.53200293
-0.54001188
-0.53200293
-0.52399445
-0.53200293
-0.53200293
-0.54717922
-0.54717922
-0.55518818
-0.54717922
-0.53917074
-0.54717922
-0.53338575
-0.54139471
-0.53338575
-0.53338575
-0.54139471
-0.50849056
-0.50849056
-0.50849056
-0.50849056
-0.51649952
-0.50048208
-0.50849056
-0.50048208
-0.51649952
-0.50849056
-0.49462461
-0.50263357
-0.49462461
-0.50263357
-0.49462461
-0.48661613
-0.49462461
-0.49462461
-0.50263357
-0.50263357
-0.49462461
-0.49909782
-0.5071063
-0.5071063
-0.49909782
-0.5071063
-0.5071063
-0.49909782
-0.5071063
-0.51511526
-0.5071063
-0.5071063
-0.50325394
-0.50078154
-0.50879002
-0.5167985
-0.50879002
-0.5167985
-0.5167985
-0.52480745
-0.5167985
-0.52480745
-0.53752613
-0.54553509
-0.53752613
-0.54553509
-0.53752613
-0.53752613
-0.52951765
-0.54553509
-0.52951765
-0.54553509
-0.52951765
-0.52094793
-0.51293945
-0.51293945
-0.52094793
-0.52895689
-0.52094793
-0.52094793
-0.52094793
-0.51293945
-0.52094793
-0.50987482
-0.50987482
-0.50987482
-0.50987482
-0.51788378
-0.50987482
-0.50987482
-0.51126242
-0.51126242
-0.51927137
-0.51927137
-0.52589226
-0.51788378
-0.51788378
-0.50987482
-0.50987482
-0.51788378
-0.50186634
-0.51788378
-0.50987482
-0.50987482
-0.51788378
-0.51649952
-0.524508
-0.51649952
-0.51649952
-0.51649952
-0.51649952
-0.51649952
-0.51649952
-0.524508
-0.524508
-0.53172302
-0.5397315
-0.5397315
-0.53172302
-0.53172302
-0.52371407
-0.53172302
-0.53172302
-0.53172302
-0.53172302
-0.53172302
-0.55492258
-0.5469141
-0.54967451
-0.55768299
-0.55768299
-0.54967451
-0.54967451
-0.54967451
-0.54967451
-0.54967451
-0.54166555
-0.52895689
-0.53696537
-0.52895689
-0.52895689
-0.53696537
-0.52094793
-0.52895689
-0.52895689
-0.52895689
-0.52895689
-0.49878931
-0.50679827
-0.51480675
-0.51480675
-0.50679827
-0.50679827
-0.49878931
-0.51480675
-0.51480675
-0.50679827
-0.5228157
-0.51341915
-0.51341915
-0.52142811
-0.50541067
-0.51341915
-0.52142811
-0.51341915
-0.53251696
-0.524508
-0.51649952
-0.51694107
-0.50893259
-0.49291515
-0.50893259
-0.50092363
-0.50092363
-0.50092363
-0.51694107
-0.50092363
-0.50893259
-0.50092363
-0.5397315
-0.53172302
-0.5397315
-0.5397315
-0.5397315
-0.5397315
-0.5397315
-0.5397315
-0.5397315
-0.54774046
-0.5397315
-0.54635715
-0.5383482
-0.5383482
-0.54635715
-0.5383482
-0.5383482
-0.5383482
-0.5383482
-0.54635715
-0.5383482
-0.52974606
-0.53775454
-0.52974606
-0.50957108
-0.51757956
-0.52558851
-0.52558851
-0.52558851
-0.50156212
-0.50957108
-0.51757956
-0.51757956
-0.51757956
-0.52558851
-0.51757956
-0.52558851
-0.51757956
-0.51757956
-0.51757956
-0.51757956
-0.51757956
-0.51757956
-0.52558851
-0.51757956
-0.51757956
-0.51757956
-0.52558851
-0.52558851
-0.52558851
-0.52558851
-0.51757956
-0.52558851
-0.52004004
-0.51203108
-0.52004004
-0.51203108
-0.51203108
-0.52004004
-0.52004004
-0.52004004
-0.52110863
-0.50509119
-0.51310015
-0.52035189
-0.51234341
-0.52836084
-0.52836084
-0.52035189
-0.52836084
-0.52035189
-0.52836084
-0.52836084
-0.52836084
-0.52895689
-0.54497433
-0.54497433
-0.53696537
-0.54497433
-0.53696537
-0.53696537
-0.54497433
-0.53696537
-0.53696537
-0.54497433
-0.55465078
-0.54664183
-0.54664183
-0.54664183
-0.55465078
-0.54664183
-0.54664183
-0.55465078
-0.56265926
-0.53863335
-0.55465078
-0.5383482
-0.54635715
-0.5383482
-0.52004004
-0.52004004
-0.52004004
-0.52004004
-0.52004004
-0.52004004
-0.52804852
-0.51171207
-0.50370312
-0.50370312
-0.51171207
-0.51171207
-0.51171207
-0.50370312
-0.51972055
-0.51171207
-0.51171207
-0.51171207
-0.50925589
-0.51726484
-0.50925589
-0.52527332
-0.52527332
-0.51726484
-0.51726484
-0.52527332
-0.52527332
-0.52527332
-0.51310015
-0.52110863
-0.52110863
-0.52110863
-0.51310015
-0.51310015
-0.52110863
-0.52110863
-0.52110863
-0.51310015
-0.51416254
-0.52249575
-0.52249575
-0.52249575
-0.51448727
-0.52249575
-0.52249575
-0.52249575
-0.52249575
-0.52249575
-0.5305047
-0.51448727
-0.5665226
-0.5665226
-0.55851364
-0.5665226
-0.5665226
-0.55851364
-0.57453108
-0.55851364
-0.55851364
-0.55851364
-0.59523153
-0.60324049
-0.58722305
-0.60324049
-0.58722305
-0.58722305
-0.59523153
-0.58722305
-0.58722305
-0.58722305
-0.59523153
-0.5634656
-0.55545712
-0.55545712
-0.54744816
-0.54021978
-0.54021978
-0.54822826
-0.54822826
-0.54021978
-0.54021978
-0.53157139
-0.53157139
-0.52356291
-0.52356291
-0.51555395
-0.52356291
-0.52356291
-0.53157139
-0.52356291
-0.53157139
-0.51555395
-0.54267693
-0.53466845
-0.54267693
-0.54267693
-0.53466845
-0.53466845
-0.53466845
-0.54267693
-0.54267693
-0.53466845
-0.54267693
-0.54822826
-0.54021978
-0.54021978
-0.54021978
-0.54822826
-0.54021978
-0.54021978
-0.55623722
-0.54822826
-0.54021978
-0.53958035
-0.53157139
-0.53958035
-0.52356291
-0.53157139
-0.53157139
-0.53958035
-0.52356291
-0.53157139
-0.52356291
-0.53157139
-0.52878952
-0.52878952
-0.53679848
-0.53679848
-0.52878952
-0.53679848
-0.53679848
-0.52878952
-0.52878952
-0.52878952
-0.53679848
-0.52845192
-0.52845192
-0.52845192
-0.52845192
-0.52044296
-0.52845192
-0.52845192
-0.52845192
-0.52044296
-0.52044296
-0.52566862
-0.52566862
-0.51765966
-0.52566862
-0.52566862
-0.52566862
-0.52984428
-0.53785276
-0.52984428
-0.52984428
-0.52984428
-0.54341698
-0.54341698
-0.5354085
-0.55142593
-0.55142593
-0.54341698
-0.54341698
-0.5354085
-0.54341698
-0.55142593
-0.55003452
-0.55003452
-0.54202557
-0.558043
-0.54202557
-0.54202557
-0.558043
-0.54202557
-0.55003452
-0.54202557
-0.55003452
-0.5472517
-0.53924274
-0.5472517
-0.5472517
-0.53924274
-0.5472517
-0.56326866
-0.5472517
-0.53924274
-0.5472517
-0.55526018
-0.55976439
-0.5642457
-0.57225466
-0.57225466
-0.5642457
-0.58026314
-0.5642457
-0.57225466
-0.5642457
-0.5642457
-0.5364604
-0.52845192
-0.5364604
-0.5364604
-0.52044296
-0.52845192
-0.52845192
-0.52845192
-0.5364604
-0.52845192
-0.5364604
-0.54096746
-0.54096746
-0.5569849
-0.54096746
-0.54897594
-0.54096746
-0.54897594
-0.54897594
-0.54096746
-0.54096746
-0.55003452
-0.55003452
-0.53401709
-0.52600813
-0.54202557
-0.54202557
-0.54202557
-0.53506804
-0.52705956
-0.52705956
-0.53506804
-0.53785276
-0.54586172
-0.53785276
-0.52183533
-0.53785276
-0.52984428
-0.52984428
-0.53785276
-0.54586172
-0.54586172
-0.53785276
-0.53924274
-0.5472517
-0.55526018
-0.5472517
-0.53924274
-0.5472517
-0.53924274
-0.53924274
-0.55526018
-0.5472517
-0.53958035
-0.53958035
-0.53958035
-0.53958035
-0.54758883
-0.53958035
-0.54758883
-0.54758883
-0.54758883
-0.53958035
-0.54758883
-0.55207491
-0.55207491
-0.56316757
-0.57117605
-0.57117605
-0.57117605
-0.57117605
-0.56316757
-0.57117605
-0.57117605
-0.57918501
-0.57809973
-0.58610868
-0.58610868
-0.57809973
-0.57809973
-0.59411716
-0.57009125
-0.57809973
-0.57809973
-0.57809973
-0.57671642
-0.57671642
-0.58472538
-0.56870794
-0.58472538
-0.57671642
-0.57671642
-0.57671642
-0.58472538
-0.58472538
-0.57671642
-0.57779837
-0.56978941
-0.57779837
-0.57779837
-0.57779837
-0.56978941
-0.56978941
-0.58580685
-0.57918501
-0.57918501
-0.58410931
-0.56809235
-0.56809235
-0.56809235
-0.57610083
-0.56809235
-0.57610083
-0.56809235
-0.57610083
-0.58410931
-0.57610083
-0.5364604
-0.54446936
-0.5364604
-0.54446936
-0.54446936
-0.54446936
-0.55247784
-0.55247784
-0.54446936
-0.55247784
-0.5364604
-0.5538702
-0.54586172
-0.54586172
-0.5538702
-0.5538702
-0.54586172
-0.53785276
-0.54586172
-0.54586172
-0.54586172
-0.54446936
-0.55247784
-0.54446936
-0.5364604
-0.54307699
-0.54307699
-0.55108547
-0.54307699
-0.55108547
-0.55108547
-0.55108547
-0.54969454
-0.54168606
-0.54168606
-0.5336771
-0.54168606
-0.54969454
-0.5336771
-0.54969454
-0.54168606
-0.54969454
-0.56393051
-0.56393051
-0.57193899
-0.56393051
-0.57193899
-0.57193899
-0.56393051
-0.57193899
-0.57193899
-0.57193899
-0.57994747
-0.58195353
-0.58195353
-0.58996201
-0.58996201
-0.58195353
-0.58195353
-0.57394457
-0.58195353
-0.59797049
-0.58195353
-0.58472538
-0.56670332
-0.5747118
-0.5747118
-0.5747118
-0.5747118
-0.5747118
-0.5747118
-0.5747118
-0.5747118
-0.59072924
-0.57406044
-0.56605148
-0.56605148
-0.57406044
-0.56605148
-0.56605148
-0.56605148
-0.57406044
-0.56605148
-0.57406044
-0.57406044
-0.57511139
-0.56710291
-0.56710291
-0.56710291
-0.57511139
-0.57511139
-0.56710291
-0.57511139
-0.56710291
-0.56710291
-0.56710291
-0.56257439
-0.56257439
-0.55456591
-0.56257439
-0.56257439
-0.57232904
-0.56432056
-0.56432056
-0.56432056
-0.57232904
-0.56571198
-0.57372046
-0.55770302
-0.57372046
-0.57372046
-0.57372046
-0.57372046
-0.56571198
-0.57372046
-0.57372046
-0.57372046
-0.57232904
-0.57232904
-0.57232904
-0.57232904
-0.56432056
-0.56432056
-0.55631161
-0.56432056
-0.55631161
-0.57232904
-0.56710291
-0.56710291
-0.57511139
-0.55909395
-0.55909395
-0.56710291
-0.56710291
-0.57511139
-0.57511139
-0.56710291
-0.57511139
-0.56744289
-0.58656549
-0.58656549
-0.59457397
-0.58656549
-0.58656549
-0.58656549
-0.58656549
-0.58656549
-0.58656549
-0.58656549
-0.58795643
-0.59596491
-0.59596491
-0.59596491
-0.58795643
-0.57994747
-0.59596491
-0.60397387
-0.59596491
-0.59596491
-0.59318686
-0.60119581
-0.60119581
-0.59318686
-0.60119581
-0.57716942
-0.59318686
-0.60119581
-0.58517838
-0.59318686
-0.59318686
-0.57372046
-0.57372046
-0.58973789
-0.58973789
-0.57372046
-0.57372046
-0.56571198
-0.57197618
-0.57197618
-0.57998466
-0.54964304
-0.54964304
-0.56566048
-0.55765152
-0.54964304
-0.54964304
-0.55765152
-0.55765152
-0.54163408
-0.55765152
-0.54964304
-0.55065775
-0.55065775
-0.54264927
-0.55065775
-0.55065775
-0.54264927
-0.55065775
-0.55065775
-0.55065775
-0.54264927
-0.53464031
-0.58834648
-0.580338
-0.580338
-0.580338
-0.580338
-0.580338
-0.580338
-0.580338
-0.58834648
-0.580338
-0.57440805
-0.56639957
-0.57440805
-0.57440805
-0.55802441
-0.56603289
-0.56603289
-0.57404184
-0.56603289
-0.56603289
-0.56603289
-0.55625105
-0.55625105
-0.55625105
-0.54824257
-0.56426001
-0.54824257
-0.54824257
-0.55625105
-0.56463957
-0.57264853
-0.57226849
-0.57226849
-0.58027744
-0.57226849
-0.56985235
-0.57786083
-0.57786083
-0.57786083
-0.56985235
-0.57786083
-0.57786083
-0.57786083
-0.56985235
-0.57786083
-0.57786083
-0.57366896
-0.56566048
-0.58167791
-0.57366896
-0.56566048
-0.57366896
-0.57366896
-0.58167791
-0.58167791
-0.58167791
-0.54785919
-0.54785919
-0.55586815
-0.57188559
-0.57188559
-0.56387663
-0.56387663
-0.56387663
-0.56387663
-0.56387663
-0.54785919
-0.60053015
-0.60853863
-0.62350416
-0.62350416
-0.6154952
-0.6154952
-0.6154952
-0.62350416
-0.63151264
-0.6154952
-0.6154952
-0.64679003
-0.63077259
-0.63878155
-0.63878155
-0.64679003
-0.63878155
-0.64679003
-0.63878155
-0.65479898
-0.63878155
-0.64924812
-0.64123917
-0.64924812
-0.64924812
-0.64123917
-0.64924812
-0.64123917
-0.64924812
-0.64123917
-0.64123917
-0.6572566
-0.62978172
-0.62978172
-0.6377902
-0.62978172
-0.62978172
-0.62978172
-0.62978172
-0.6377902
-0.6377902
-0.63918114
-0.61166096
-0.61166096
-0.61166096
-0.61166096
-0.61166096
-0.61966944
-0.62767839
-0.61966944
-0.61966944
-0.61966944
-0.62767839
-0.5973115
-0.5973115
-0.60532045
-0.60532045
-0.60532045
-0.60532045
-0.60532045
-0.60532045
-0.5973115
-0.5973115
-0.5973115
-0.59451246
-0.59451246
-0.60252142
-0.59451246
-0.59451246
-0.60252142
-0.59451246
-0.59451246
-0.59451246
-0.58650398
-0.59971857
-0.58370113
-0.58370113
-0.59170961
-0.58370113
-0.5854907
-0.60150814
-0.57748222
-0.59349966
-0.60150814
-0.5854907
-0.6106267
-0.6106267
-0.61863565
-0.61863565
-0.61863565
-0.62664413
-0.61863565
-0.61863565
-0.61863565
-0.6106267
-0.60225677
-0.61026573
-0.60225677
-0.60225677
-0.61026573
-0.60225677
-0.60225677
-0.59424829
-0.60225677
-0.60225677
-0.61026573
-0.57249022
-0.57249022
-0.56448126
-0.57249022
-0.56448126
-0.56448126
-0.57249022
-0.5804987
-0.57249022
-0.57249022
-0.57249022
-0.58370113
-0.61129141
-0.60328293
-0.60328293
-0.60328293
-0.60328293
-0.60328293
-0.61129141
-0.60328293
-0.60328293
-0.61827421
-0.61026573
-0.59424829
-0.60225677
-0.60225677
-0.61827421
-0.61026573
-0.61026573
-0.61026573
-0.61827421
-0.61827421
-0.59769535
-0.59769535
-0.59769535
-0.59769535
-0.59769535
-0.61371279
-0.60570383
-0.59769535
-0.60570383
-0.59769535
-0.60570383
-0.59769535
-0.59769535
-0.58968639
-0.58167791
-0.59769535
-0.58968639
-0.58167791
-0.59769535
-0.59527397
-0.60328293
-0.60504818
-0.60504818
-0.60504818
-0.61305714
-0.5970397
-0.60504818
-0.60504818
-0.61305714
-0.61305714
-0.61305714
-0.5970397
-0.60086203
-0.60086203
-0.59285355
-0.60086203
-0.60086203
-0.58484459
-0.59285355
-0.60887098
-0.59285355
-0.60086203
-0.5844717
-0.56845427
-0.57646275
-0.5844717
-0.59248018
-0.60048914
-0.59248018
-0.5844717
-0.59248018
-0.5844717
-0.60048914
-0.62594843
-0.61793995
-0.62594843
-0.62594843
-0.5844717
-0.5844717
-0.5844717
-0.59248018
-0.59248018
-0.60048914
-0.59248018
-0.59667444
-0.59667444
-0.58866596
-0.58866596
-0.59667444
-0.61269188
-0.59667444
-0.59667444
-0.59667444
-0.6046834
-0.6106267
-0.61863565
-0.6106267
-0.61863565
-0.6106267
-0.61863565
-0.61863565
-0.61863565
-0.6106267
-0.60261822
-0.59460926
-0.61376429
-0.60575533
-0.61376429
-0.62177277
-0.61376429
-0.60575533
-0.60575533
-0.61376429
-0.60575533
-0.61376429
-0.60018539
-0.62594843
-0.62594843
-0.60993099
-0.62594843
-0.62594843
-0.61793995
-0.60993099
-0.61793995
-0.60993099
-0.60993099
-0.60714626
-0.60714626
-0.60714626
-0.60714626
-0.60714626
-0.60714626
-0.6231637
-0.61515522
-0.60714626
-0.60714626
-0.61515522
-0.60958624
-0.61759472
-0.60157728
-0.60157728
-0.60157728
-0.60958624
-0.60958624
-0.60958624
-0.60958624
-0.60958624
-0.60540724
-0.62142467
-0.5893898
-0.61341572
-0.61341572
-0.59739828
-0.62142467
-0.61341572
-0.62455606
-0.62455606
-0.61654758
-0.63151264
-0.62350416
-0.62350416
-0.6395216
-0.63151264
-0.62350416
-0.6395216
-0.6395216
-0.63151264
-0.63151264
-0.62489414
-0.63290262
-0.62489414
-0.63290262
-0.63290262
-0.61688519
-0.62489414
-0.63290262
-0.62489414
-0.62489414
-0.60887671
-0.61097908
-0.61097908
-0.60297012
-0.61097908
-0.61097908
-0.60297012
-0.60297012
-0.60297012
-0.60297012
-0.60297012
-0.60297012
-0.61582518
-0.62383366
-0.62383366
-0.6262846
-0.61026716
-0.61827564
-0.61026716
-0.61827564
-0.61827564
-0.60225821
-0.59496164
-0.59496164
-0.59496164
-0.58695269
-0.58695269
-0.58695269
-0.60297012
-0.59496164
-0.59496164
-0.60297012
-0.60297012
-0.59252119
-0.59252119
-0.60053015
-0.60053015
-0.60853863
-0.60053015
-0.59252119
-0.57155657
-0.556077
-0.556077
-0.56381655
-0.556077
-0.64193583
-0.63419628
-0.63419628
-0.64967585
-0.64193583
-0.63419628
-0.62504101
-0.62504101
-0.61730146
-0.61730146
-0.62504101
-0.62504101
-0.62504101
-0.61730146
-0.62504101
-0.62504101
-0.62504101
-0.60202456
-0.61750364
-0.61750364
-0.60202456
-0.6097641
-0.6097641
-0.6097641
-0.6097641
-0.6097641
-0.6097641
-0.59905243
-0.60679197
-0.59905243
-0.59131289
-0.59131289
-0.59131289
-0.58357286
-0.58357286
-0.58357286
-0.57583332
-0.59590483
-0.60650969
-0.59877014
-0.59877014
-0.59877014
-0.61424971
-0.60650969
-0.59877014
-0.59877014
-0.60650969
-0.59877014
-0.6094532
-0.6094532
-0.61719275
-0.6094532
-0.6094532
-0.61719275
-0.60171318
-0.61719275
-0.60171318
-0.6094532
-0.6094532
-0.592556
-0.592556
-0.592556
-0.60803556
-0.60029602
-0.592556
-0.60029602
-0.60803556
-0.60029602
-0.60803556
-0.60803556
-0.60029602
-0.60029602
-0.60803556
-0.61577559
-0.61871672
-0.60323715
-0.61097717
-0.61871672
-0.61097717
-0.61871672
-0.62316513
-0.63090467
-0.61542511
-0.62316513
-0.62316513
-0.62316513
-0.62316513
-0.62316513
-0.61542511
-0.60768557
-0.61542511
-0.61402607
-0.61402607
-0.62176561
-0.61402607
-0.61402607
-0.61402607
-0.62176561
-0.61402607
-0.61402607
-0.61402607
-0.5985465
-0.61085796
-0.61859798
-0.61085796
-0.61859798
-0.61085796
-0.61859798
-0.63407755
-0.63407755
-0.63407755
-0.64029217
-0.64334106
-0.63560152
-0.64334106
-0.64334106
-0.65108061
-0.65108061
-0.64334106
-0.64334106
-0.65108061
-0.64334106
-0.65108061
-0.64638424
-0.64638424
-0.6618638
-0.6386447
-0.64638424
-0.64638424
-0.6386447
-0.64638424
-0.64638424
-0.6386447
-0.64638424
-0.6618638
-0.65412378
-0.65412378
-0.64638424
-0.64638424
-0.65412378
-0.64638424
-0.64638424
-0.65412378
-0.64638424
-0.64650965
-0.63103056
-0.6387701
-0.63103056
-0.63583422
-0.62035513
-0.62809467
-0.62035513
-0.62809467
-0.62809467
-0.62809467
-0.61272192
-0.61272192
-0.61272192
-0.62046146
-0.62046146
-0.62046146
-0.62046146
-0.61272192
-0.61272192
-0.6049819
-0.60345507
-0.61119509
-0.60345507
-0.61119509
-0.61119509
-0.61119509
-0.61893463
-0.61893463
-0.60345507
-0.61119509
-0.61893463
-0.61435032
-0.60661077
-0.60661077
-0.60661077
-0.62208986
-0.60661077
-0.60661077
-0.61435032
-0.59887075
-0.60803556
-0.61577559
-0.62176561
-0.62950563
-0.62176561
-0.62950563
-0.62950563
-0.62950563
-0.62950563
-0.62950563
-0.62176561
-0.62176561
-0.64942932
-0.64168978
-0.63394976
-0.64168978
-0.64168978
-0.64942932
-0.64942932
-0.64168978
-0.65716887
-0.64942932
-0.64168978
-0.63560152
-0.6278615
-0.63560152
-0.6278615
-0.63560152
-0.6278615
-0.6278615
-0.6278615
-0.64334106
-0.64334106
-0.64168978
-0.64942932
-0.64168978
-0.64168978
-0.65399551
-0.65399551
-0.64625597
-0.64625597
-0.64625597
-0.65399551
-0.65399551
-0.62798166
-0.62798166
-0.62024164
-0.62798166
-0.62798166
-0.64346075
-0.62798166
-0.62798166
-0.63572121
-0.63572121
-0.63572121
-0.6265707
-0.63431025
-0.6265707
-0.6265707
-0.6265707
-0.6265707
-0.61883116
-0.61883116
-0.61883116
-0.63431025
-0.63572121
-0.62798166
-0.64346075
-0.62024164
-0.62798166
-0.63572121
-0.63572121
-0.62798166
-0.62798166
-0.63255262
-0.64029217
-0.63103056
-0.6387701
-0.6387701
-0.6387701
-0.62329054
-0.62329054
-0.63103056
-0.63103056
-0.60007143
-0.62329054
-0.61555099
-0.61097717
-0.62645674
-0.61871672
-0.61871672
-0.62645674
-0.61871672
-0.62645674
-0.61871672
-0.62645674
-0.61871672
-0.61577559
-0.60803556
-0.60803556
-0.60803556
-0.60803556
-0.60803556
-0.60803556
-0.60803556
-0.60803556
-0.60803556
-0.60029602
-0.61883116
-0.60335159
-0.60335159
-0.61402607
-0.61402607
-0.60628605
-0.61402607
-0.60628605
-0.60628605
-0.61402607
-0.61085796
-0.62633753
-0.61085796
-0.61859798
-0.62633753
-0.61859798
-0.61859798
-0.61085796
-0.61859798
-0.61859798
-0.61085796
-0.60781097
-0.60781097
-0.61555099
-0.60781097
-0.60007143
-0.60007143
-0.59233189
-0.61555099
-0.60007143
-0.59233189
-0.60781097
-0.58623409
-0.58623409
-0.57849407
-0.59397364
-0.58623409
-0.58623409
-0.57075453
-0.57075453
-0.56770086
-0.56770086
-0.56770086
-0.57544041
-0.55996084
-0.57544041
-0.56770086
-0.56770086
-0.57544041
-0.55996084
-0.56770086
-0.57544041
-0.56770086
-0.5722785
-0.5722785
-0.56453848
-0.5722785
-0.5722785
-0.56453848
-0.56453848
-0.5722785
-0.5722785
-0.5722785
-0.57989931
-0.57989931
-0.57989931
-0.57215929
-0.57215929
-0.58763885
-0.57989931
-0.57989931
-0.56441975
-0.56441975
-0.57215929
-0.57837439
-0.57063437
-0.57063437
-0.56453848
-0.56453848
-0.58001804
-0.5722785
-0.5722785
-0.5722785
-0.58001804
-0.5722785
-0.56312323
-0.56312323
-0.56312323
-0.56312323
-0.56312323
-0.57860279
-0.56312323
-0.56312323
-0.57086277
-0.56312323
-0.57672644
-0.592206
-0.58446646
-0.592206
-0.592206
-0.57672644
-0.57672644
-0.58446646
-0.592206
-0.57672644
-0.592206
-0.57825041
-0.57825041
-0.58599043
-0.57825041
-0.57825041
-0.58599043
-0.57051086
-0.57051086
-0.56441975
-0.57989931
-0.56441975
-0.56453848
-0.56453848
-0.55679893
-0.56453848
-0.55679893
-0.56453848
-0.56453848
-0.55679893
-0.56453848
-0.56453848
-0.54927683
-0.56475639
-0.56475639
-0.55701685
-0.54927683
-0.55701685
-0.56475639
-0.54153728
-0.55701685
-0.54927683
-0.54927683
-0.54937601
-0.54163599
-0.54163599
-0.54163599
-0.54163599
-0.56485558
-0.54937601
-0.55711555
-0.54937601
-0.54937601
-0.55701685
-0.54927683
-0.55701685
-0.55701685
-0.56770086
-0.56770086
-0.55996084
-0.55996084
-0.56770086
-0.56770086
-0.55996084
-0.55843687
-0.55843687
-0.55843687
-0.56617689
-0.55069733
-0.56617689
-0.56617689
-0.55843687
-0.55843687
-0.56617689
-0.55843687
-0.55080366
-0.55854368
-0.55080366
-0.55854368
-0.55080366
-0.54306412
-0.55854368
-0.55854368
-0.55080366
-0.55080366
-0.54917336
-0.5569129
-0.5569129
-0.57239246
-0.56465292
-0.56465292
-0.57239246
-0.5569129
-0.57239246
-0.56617689
-0.54295778
-0.5660634
-0.57380342
-0.5660634
-0.57380342
-0.5660634
-0.57380342
-0.5660634
-0.5660634
-0.55832386
-0.57380342
-0.57380342
-0.56323051
-0.55549097
-0.56323051
-0.56323051
-0.55549097
-0.55549097
-0.57097054
-0.56323051
-0.57097054
-0.56323051
-0.58763885
-0.60311842
-0.59537888
-0.59537888
-0.60311842
-0.59537888
-0.57989931
-0.59537888
-0.58763885
-0.58763885
-0.59537888
-0.58775806
-0.59549761
-0.59549761
-0.59865952
-0.59091997
-0.59091997
-0.59091997
-0.59091997
-0.58318043
-0.59865952
-0.56944084
-0.57718039
-0.56944084
-0.57718039
-0.57718039
-0.58491993
-0.58491993
-0.57718039
-0.57718039
-0.58491993
-0.57718039
-0.57565165
-0.57565165
-0.57565165
-0.57565165
-0.58339119
-0.5679121
-0.5679121
-0.58339119
-0.57565165
-0.56017208
-0.58339119
-0.5879755
-0.58023596
-0.58023596
-0.58023596
-0.5879755
-0.58023596
-0.56475639
-0.57249641
-0.57249641
-0.57565165
-0.57718039
-0.56170082
-0.55396128
-0.56944084
-0.56170082
-0.56170082
-0.56170082
-0.56170082
-0.55396128
-0.56170082
-0.56944084
-0.56017208
-0.56017208
-0.56017208
-0.56017208
-0.5679121
-0.55243254
-0.55243254
-0.55243254
-0.55243254
-0.56017208
-0.55243254
-0.54631567
-0.54631567
-0.54631567
-0.54631567
-0.55405521
-0.54631567
-0.54631567
-0.54631567
-0.55405521
-0.54631567
-0.5401969
-0.54793644
-0.54793644
-0.5401969
-0.5401969
-0.54793644
-0.53245687
-0.5401969
-0.52471733
-0.53245687
-0.5401969
-0.55701685
-0.55701685
-0.54927683
-0.56475639
-0.55701685
-0.55701685
-0.55701685
-0.56475639
-0.55701685
-0.55701685
-0.53236675
-0.5401063
-0.54784632
-0.5401063
-0.53236675
-0.54784632
-0.5401063
-0.5401063
-0.53236675
-0.5401063
-0.54784632
-0.5325408
-0.5325408
-0.52480078
-0.52480078
-0.5325408
-0.52480078
-0.52480078
-0.52480078
-0.52480078
-0.54028034
-0.53874874
-0.52480078
-0.5325408
-0.5325408
-0.5325408
-0.52480078
-0.54028034
-0.5325408
-0.5325408
-0.5325408
-0.54028034
-0.55099773
-0.55099773
-0.54325819
-0.55099773
-0.55099773
-0.55099773
-0.55873775
-0.55099773
-0.54325819
-0.54325819
-0.54325819
-0.54784632
-0.54784632
-0.54784632
-0.54784632
-0.54784632
-0.55558586
-0.55558586
-0.5401063
-0.55558586
-0.5401063
-0.53245687
-0.53245687
-0.5401969
-0.5401969
-0.5401969
-0.52633429
-0.53407431
-0.53407431
-0.51859474
-0.52633429
-0.53407431
-0.54640579
-0.53866625
-0.53866625
-0.53092623
-0.53092623
-0.53092623
-0.53866625
-0.53092623
-0.53866625
-0.53092623
-0.53092623
-0.55243254
-0.53695297
-0.56017208
-0.54469252
-0.55243254
-0.53695297
-0.53695297
-0.55243254
-0.54469252
-0.54469252
-0.54622126
-0.54622126
-0.55396128
-0.55396128
-0.54622126
-0.54622126
-0.55396128
-0.55396128
-0.54622126
-0.56944084
-0.54622126
-0.52326918
-0.5310092
-0.52326918
-0.51552963
-0.5310092
-0.52326918
-0.51552963
-0.52326918
-0.5310092
-0.52326918
-0.5310092
-0.54469252
-0.54469252
-0.54469252
-0.53695297
-0.55243254
-0.55243254
-0.54469252
-0.53695297
-0.54469252
-0.53695297
-0.54469252
-0.55243254
-0.52921343
-0.54469252
-0.52921343
-0.53695297
-0.54469252
-0.55243254
-0.53695297
-0.54469252
-0.54469252
-0.52318668
-0.52318668
-0.53092623
-0.53092623
-0.52318668
-0.52165508
-0.52939463
-0.52165508
-0.52939463
-0.51391554
-0.51407385
-0.5063343
-0.5063343
-0.5063343
-0.49859476
-0.51407385
-0.5063343
-0.5063343
-0.51407385
-0.49859476
-0.51407385
-0.50947046
-0.50947046
-0.50173092
-0.50947046
-0.50173092
-0.50947046
-0.50173092
-0.49399137
-0.50947046
-0.50947046
-0.50947046
-0.50786591
-0.50786591
-0.50012636
-0.51560545
-0.50786591
-0.51560545
-0.51560545
-0.51560545
-0.50786591
-0.50786591
-0.51867247
-0.51867247
-0.51867247
-0.51093292
-0.51867247
-0.51093292
-0.50319338
-0.51867247
-0.51867247
-0.51867247
-0.51867247
-0.50786591
-0.49238634
-0.51560545
-0.50786591
-0.50786591
-0.50786591
-0.50786591
-0.51560545
-0.50012636
-0.52334547
-0.51560545
-0.52326918
-0.51552963
-0.52326918
-0.50779009
-0.52326918
-0.52326918
-0.52326918
-0.52326918
-0.52326918
-0.50779009
-0.51552963
-0.51552963
-0.52326918
-0.52326918
-0.5310092
-0.5310092
-0.51253653
-0.51253653
-0.50479698
-0.50479698
-0.50479698
-0.55396128
-0.53848171
-0.54622126
-0.53848171
-0.53848171
-0.53074217
-0.53848171
-0.53848171
-0.53848171
-0.54622126
-0.52624702
-0.53398657
-0.52624702
-0.54172659
-0.53398657
-0.53398657
-0.53398657
-0.53398657
-0.51850748
-0.54172659
-0.52624702
-0.52326918
-0.52326918
-0.51552963
-0.51552963
-0.5310092
-0.51552963
-0.52326918
-0.52326918
-0.51552963
-0.52326918
-0.51552963
-0.53704786
-0.53542233
-0.55090189
-0.54316187
-0.53542233
-0.53542233
-0.53542233
-0.54316187
-0.53542233
-0.53542233
-0.52930832
-0.52930832
-0.52930832
-0.52930832
-0.52930832
-0.52930832
-0.52930832
-0.54478788
-0.52930832
-0.52930832
-0.52930832
-0.51544714
-0.52318668
-0.53092623
-0.52318668
-0.51544714
-0.51544714
-0.53092623
-0.50770712
-0.51544714
-0.51544714
-0.52930832
-0.52930832
-0.52930832
-0.52156878
-0.52930832
-0.52156878
-0.52156878
-0.52930832
-0.53695297
-0.52921343
-0.55243254
-0.55069733
-0.55069733
-0.55843687
-0.55069733
-0.54295778
-0.54295778
-0.53521776
-0.54295778
-0.55069733
-0.55069733
-0.55069733
-0.5321641
-0.53990412
-0.54764366
-0.53990412
-0.55538321
-0.53990412
-0.54764366
-0.55538321
-0.53990412
-0.53990412
-0.52777863
-0.52003908
-0.52003908
-0.52003908
-0.52777863
-0.52777863
-0.52003908
-0.52777863
-0.51229906
-0.52777863
-0.52777863
-0.52003908
-0.52777863
-0.52768278
-0.52768278
-0.53542233
-0.51994276
-0.52768278
-0.53542233
-0.53542233
-0.52768278
-0.53542233
-0.53379774
-0.53379774
-0.52605772
-0.54153728
-0.53379774
-0.53379774
-0.54153728
-0.53379774
-0.52605772
-0.52605772
-0.54295778
-0.54295778
-0.54295778
-0.53521776
-0.54295778
-0.55069733
-0.54295778
-0.54295778
-0.55069733
-0.54295778
-0.53521776
-0.55363321
-0.55363321
-0.56137276
-0.54589319
-0.56137276
-0.54589319
-0.55363321
-0.56137276
-0.55515528
-0.54741526
-0.53826952
-0.54600954
-0.54600954
-0.53826952
-0.53826952
-0.53826952
-0.53826952
-0.53052998
-0.54600954
-0.55374908
-0.54600954
-0.54295778
-0.53521776
-0.54295778
-0.53521776
-0.54295778
-0.54295778
-0.54295778
-0.53521776
-0.53521776
-0.53521776
-0.53521776
-0.54894018
-0.54894018
-0.5566802
-0.54120064
-0.56441975
-0.5566802
-0.54894018
-0.5566802
-0.54894018
-0.54894018
-0.55655241
-0.56429243
-0.55655241
-0.56429243
-0.55350733
-0.55350733
-0.54576778
-0.55350733
-0.55350733
-0.56124735
-0.55350733
-0.55655241
-0.55655241
-0.55655241
-0.55655241
-0.54881287
-0.54881287
-0.55655241
-0.55655241
-0.55655241
-0.54107285
-0.57783461
-0.57783461
-0.57783461
-0.57783461
-0.58557463
-0.57783461
-0.58557463
-0.57783461
-0.57783461
-0.57009506
-0.58557463
-0.54576778
-0.54576778
-0.55350733
-0.56124735
-0.55350733
-0.56898689
-0.55350733
-0.56124735
-0.55350733
-0.56898689
-0.55046415
-0.54436827
-0.54436827
-0.55210829
-0.54436827
-0.55210829
-0.55984783
-0.55984783
-0.55210829
-0.55210829
-0.54436827
-0.55350733
-0.56898689
-0.56124735
-0.55350733
-0.55350733
-0.56898689
-0.56898689
-0.56124735
-0.56124735
-0.56124735
-0.54576778
-0.5611186
-0.56885862
-0.56885862
-0.56885862
-0.56885862
-0.56885862
-0.56885862
-0.5611186
-0.5611186
-0.5611186
-0.55198622
-0.55198622
-0.55972624
-0.55198622
-0.54424667
-0.54424667
-0.53041363
-0.53815365
-0.54589319
-0.53815365
-0.55363321
-0.54589319
-0.53815365
-0.54589319
-0.54589319
-0.53815365
-0.54589319
-0.54589319
-0.55363321
-0.55363321
-0.54589319
-0.54589319
-0.54576778
-0.55350733
-0.55350733
-0.55350733
-0.53802776
-0.55350733
-0.55350733
-0.56124735
-0.55350733
-0.55350733
-0.54563904
-0.56885862
-0.55337906
-0.55337906
-0.56885862
-0.5611186
-0.5611186
-0.5611186
-0.55337906
-0.55337906
-0.56885862
-0.55490112
-0.56705856
-0.56705856
-0.56705856
-0.57479811
-0.55931854
-0.57479811
-0.58253813
-0.56705856
-0.56705856
-0.56705856
-0.55033493
-0.55807447
-0.55033493
-0.55807447
-0.55807447
-0.55807447
-0.55033493
-0.55033493
-0.55033493
-0.54259491
-0.54729176
-0.54729176
-0.53955173
-0.53955173
-0.54729176
-0.54729176
-0.53955173
-0.53955173
-0.53955173
-0.54729176
-0.53955173
-0.54729176
-0.53955173
-0.54729176
-0.53181219
-0.53955173
-0.53955173
-0.53181219
-0.55033493
-0.55033493
-0.53485537
-0.5333333
-0.5333333
-0.54107285
-0.54107285
-0.5333333
-0.54881287
-0.54107285
-0.52559376
-0.5333333
-0.54107285
-0.5333333
-0.5333333
-0.52559376
-0.54107285
-0.54107285
-0.54107285
-0.52559376
-0.5333333
-0.5333333
-0.54107285
-0.54107285
-0.5333333
-0.53942156
-0.5471611
-0.5471611
-0.53942156
-0.5471611
-0.53942156
-0.53942156
-0.5471611
-0.53942156
-0.53942156
-0.53320217
-0.53320217
-0.54868126
-0.52559376
-0.5333333
-0.54107285
-0.54107285
-0.5333333
-0.52559376
-0.5333333
-0.5333333
-0.52863979
-0.53637934
-0.52863979
-0.53637934
-0.53637934
-0.53637934
-0.54411888
-0.53637934
-0.5518589
-0.52863979
-0.53624344
-0.53624344
-0.54398298
-0.55172253
-0.53624344
-0.54398298
-0.55172253
-0.54398298
-0.54398298
-0.55172253
-0.54398298
-0.52407265
-0.53955173
-0.53955173
-0.52407265
-0.52407265
-0.53181219
-0.52407265
-0.53181219
-0.53955173
-0.53650665
-0.52876711
-0.53028822
-0.53802776
-0.53802776
-0.53802776
-0.53802776
-0.53028822
-0.53802776
-0.53028822
-0.53028822
-0.53028822
-0.54259491
-0.53485537
-0.53485537
-0.53485537
-0.53485537
-0.53485537
-0.53485537
-0.54259491
-0.53485537
-0.54259491
-0.53485537
-0.53637934
-0.54411888
-0.53637934
-0.54411888
-0.52863979
-0.54411888
-0.52863979
-0.54411888
-0.53637934
-0.54411888
-0.53637934
-0.5485425
-0.54080296
-0.5485425
-0.55628204
-0.56220484
-0.55446529
-0.56220484
-0.56994438
-0.56220484
-0.56220484
-0.56994438
-0.56994438
-0.56994438
-0.56220484
-0.56994438
-0.56220484
-0.56220484
-0.55446529
-0.56994438
-0.56220484
-0.56220484
-0.5591712
-0.5591712
-0.56691074
-0.55143166
-0.5591712
-0.5591712
-0.5591712
-0.5591712
-0.5591712
-0.5591712
-0.54383945
-0.551579
-0.53609943
-0.551579
-0.54383945
-0.551579
-0.55931854
-0.551579
-0.551579
-0.54383945
-0.551579
-0.53028822
-0.52254868
-0.52254868
-0.52254868
-0.53028822
-0.53028822
-0.53028822
-0.51480865
-0.53028822
-0.52254868
-0.53028822
-0.53320217
-0.54094172
-0.54094172
-0.52546215
-0.54868126
-0.54094172
-0.53320217
-0.54094172
-0.53320217
-0.54094172
-0.54550314
-0.5377636
-0.54550314
-0.54550314
-0.5377636
-0.53002357
-0.5377636
-0.5377636
-0.53002357
-0.53002357
-0.54550314
-0.53168201
-0.52394199
-0.53942156
-0.53168201
-0.53168201
-0.53168201
-0.53002357
-0.5377636
-0.54550314
-0.55324268
-0.5333333
-0.52559376
-0.5333333
-0.52559376
-0.52559376
-0.52559376
-0.5333333
-0.52559376
-0.52559376
-0.5333333
-0.54107285
-0.52876711
-0.52876711
-0.52876711
-0.53650665
-0.52876711
-0.51328754
-0.52876711
-0.53650665
-0.52876711
-0.53650665
-0.53650665
-0.5288887
-0.5288887
-0.51340961
-0.5288887
-0.52114916
-0.5288887
-0.5288887
-0.52114916
-0.51340961
-0.52114916
-0.52736473
-0.51962519
-0.51962519
-0.52431583
-0.51657629
-0.52431583
-0.50883675
-0.50883675
-0.52431583
-0.51657629
-0.50883675
-0.51962519
-0.51962519
-0.42425919
-0.43199873
-0.42425919
-0.41651917
-0.40877962
-0.43531418
-0.41983461
-0.42757416
-0.43531418
-0.41983461
-0.42757416
-0.41209459
-0.41983461
-0.41983461
-0.41209459
-0.41209459
-0.42456961
-0.41682959
-0.42456961
-0.40909004
-0.40909004
-0.40909004
-0.4013505
-0.4013505
-0.40909004
-0.4013505
-0.38587093
-0.41238928
-0.41238928
-0.42786837
-0.42012882
-0.42012882
-0.43587208
-0.41265297
-0.41265297
-0.41265297
-0.3971734
-0.39415359
-0.40189314
-0.40189314
-0.40189314
-0.39415359
-0.39415359
-0.40189314
-0.39415359
-0.38641357
-0.40189314
-0.39415359
-0.38484001
-0.37710047
-0.37710047
-0.37710047
-0.37710047
-0.37710047
-0.36936045
-0.38484001
-0.40031958
-0.39258003
-0.42858362
-0.42858362
-0.43632317
-0.43632317
-0.44406319
-0.43632317
-0.43632317
-0.42858362
-0.43632317
-0.43632317
-0.43632317
-0.45050478
-0.42728567
-0.41623592
-0.40075636
-0.40849638
-0.41623592
-0.42397594
-0.40849638
-0.42397594
-0.41623592
-0.42397594
-0.44276524
-0.44276524
-0.44276524
-0.39632654
-0.36536789
-0.34988832
-0.3421483
-0.35762787
-0.34988832
-0.34988832
-0.37331629
-0.38105583
-0.36557627
-0.37331629
-0.37331629
-0.38879585
-0.38105583
-0.38105583
-0.38105583
-0.38105583
-0.36557627
-0.40597916
-0.39049959
-0.40597916
-0.39823961
-0.39049959
-0.41371918
-0.39823961
-0.39823961
-0.38423014
-0.38423014
-0.412251
-0.41999102
-0.41999102
-0.42773056
-0.41999102
-0.412251
-0.42773056
-0.42773056
-0.42773056
-0.41999102
-0.42773056
-0.48033047
-0.4648509
-0.47259092
-0.47259092
-0.4648509
-0.47259092
-0.4648509
-0.4648509
-0.45711136
-0.44937181
-0.45711136
-0.43549061
-0.42775106
-0.43549061
-0.42775106
-0.43549061
-0.42775106
-0.44323015
-0.44323015
-0.44323015
-0.45097017
-0.47564268
-0.47564268
-0.46790314
-0.46016359
-0.46016359
-0.47406197
-0.46632242
-0.45084286
-0.4585824
-0.45084286
-0.45084286
-0.46473837
-0.46473837
-0.45699883
-0.45699883
-0.45699883
-0.46473837
-0.45699883
-0.4492588
-0.45699883
-0.4492588
-0.45541096
-0.45541096
-0.46315098
-0.47089052
-0.46315098
-0.44767141
-0.46315098
-0.45541096
-0.45541096
-0.45541096
-0.44767141
-0.44305849
-0.4662776
-0.45853806
-0.45079803
-0.45079803
-0.45079803
-0.44305849
-0.44305849
-0.43531895
-0.44305849
-0.45079803
-0.42916298
-0.44305849
-0.45079803
-0.44305849
-0.45079803
-0.44305849
-0.45079803
-0.45079803
-0.45079803
-0.44305849
-0.4230051
-0.43074465
-0.43074465
-0.4230051
-0.43074465
-0.4230051
-0.4230051
-0.4230051
-0.4230051
-0.41526508
-0.41526508
-0.40293312
-0.41841269
-0.41067314
-0.41067314
-0.41841269
-0.41841269
-0.42615223
-0.42615223
-0.41067314
-0.41067314
-0.43386173
-0.42612219
-0.42612219
-0.41838264
-0.41838264
-0.41838264
-0.41838264
-0.42612219
-0.42454243
-0.41680241
-0.40906286
-0.41988373
-0.42762375
-0.41988373
-0.42762375
-0.41988373
-0.41988373
-0.41214418
-0.41988373
-0.41988373
-0.41988373
-0.42762375
-0.40910244
-0.41684246
-0.4013629
-0.4013629
-0.40910244
-0.41684246
-0.41684246
-0.40910244
-0.4013629
-0.4013629
-0.40290308
-0.40290308
-0.40290308
-0.40290308
-0.39516306
-0.40290308
-0.40290308
-0.38742352
-0.38742352
-0.39516306
-0.40290308
-0.40598536
-0.42146492
-0.40598536
-0.4137249
-0.41992283
-0.42766237
-0.41992283
-0.41992283
-0.42766237
-0.41992283
-0.40915346
-0.41689301
-0.41689301
-0.40141392
-0.40141392
-0.40141392
-0.40915346
-0.41689301
-0.40915346
-0.41689301
-0.3936739
-0.38749504
-0.3797555
-0.38749504
-0.37201548
-0.37201548
-0.37201548
-0.37201548
-0.38749504
-0.38749504
-0.40297461
-0.39523506
-0.39679193
-0.38905239
-0.38131237
-0.38905239
-0.38905239
-0.38905239
-0.38905239
-0.38131237
-0.38131237
-0.38905239
-0.36892509
-0.36272717
-0.35498714
-0.3472476
-0.36272717
-0.35498714
-0.35498714
-0.36272717
-0.36272717
-0.37820625
-0.39368582
-0.35491371
-0.37039328
-0.37039328
-0.36265373
-0.3781333
-0.3781333
-0.38587284
-0.38587284
-0.38587284
-0.39361238
-0.39361238
-0.37481499
-0.37481499
-0.35159588
-0.38255501
-0.36707544
-0.37481499
-0.39029455
-0.39029455
-0.37481499
-0.37481499
-0.3965354
-0.38879585
-0.41201496
-0.40427494
-0.40427494
-0.41201496
-0.41975451
-0.3965354
-0.44784451
-0.44784451
-0.44010496
-0.35275412
-0.35275412
-0.35275412
-0.33727455
-0.32953501
-0.34501457
-0.33727455
-0.33727455
-0.33727455
-0.33727455
-0.31238508
-0.29690599
-0.25820732
-0.25820732
-0.25820732
-0.2504673
-0.24272776
-0.23498774
-0.24272776
-0.2504673
-0.24272776
-0.20026255
-0.20026255
-0.19252253
-0.20026255
-0.20800209
-0.20800209
-0.21574211
-0.22348166
-0.22348166
-0.22348166
-0.22348166
-0.17765379
-0.18539333
-0.17765379
-0.1633811
-0.17112064
-0.17112064
-0.17112064
-0.17112064
-0.17112064
-0.17112064
-0.1347785
-0.1347785
-0.1347785
-0.1347785
-0.12703896
-0.12703896
-0.11929893
-0.12703896
-0.12703896
-0.1347785
-0.12703896
-0.10473061
-0.10473061
-0.089251041
-0.10473061
-0.10473061
-0.096990585
-0.10473061
-0.10473061
-0.096990585
-0.10473061
-0.085309505
-0.093049049
-0.077569962
-0.085309505
-0.077569962
-0.093049049
-0.10852861
-0.093049049
-0.093049049
-0.10852861
-0.10852861
-0.031087399
-0.031087399
-0.054306507
-0.062046051
-0.077525616
-0.10074472
-0.10848475
-0.14718342
-0.17040253
-0.17814207
-0.18588209
-0.11093807
-0.11093807
-0.11867762
-0.12641764
